7.6 -0.0562631 3.05176e-06
7.7924 -0.0541511 3.05176e-06
7.9848 -0.0521684 3.05176e-06
8.1772 -0.0503042 3.05176e-06
8.3696 -0.0485488 3.05176e-06
8.562 -0.0468935 3.05176e-06
8.7544 -0.0453304 3.05176e-06
8.9468 -0.0438525 3.05176e-06
9.1392 -0.036855 1.89129
9.3316 -0.0357012 1.84379
9.524 -0.0346066 1.79887
9.7164 -0.0335669 1.75627
9.9088 -0.0325784 1.71577
10.1012 -0.0316376 1.67718
10.2936 -0.0307414 1.64035
10.486 -0.0298868 1.60515
10.6784 -0.0290712 1.57145
10.8708 -0.0282922 1.53914
11.0632 -0.0275474 1.50815
11.2556 -0.0268347 1.47837
11.448 -0.0261524 1.44974
11.6404 -0.0254986 1.42219
11.8328 -0.0248716 1.39564
12.0252 -0.0242699 1.37006
12.2176 -0.0236922 1.34537
12.41 -0.0231371 1.32154
12.6024 -0.0226034 1.29853
12.7948 -0.0220899 1.27627
12.9872 -0.0215957 1.25475
13.1796 -0.0211196 1.23391
13.372 -0.0206608 1.21374
13.5644 -0.0202184 1.19419
13.7568 -0.0197915 1.17524
13.9492 -0.0193796 1.15686
14.1416 -0.0189817 1.13903
14.334 -0.0185973 1.12172
14.5264 -0.0182257 1.10491
14.7188 -0.0178664 1.08857
14.9112 -0.0175187 1.07269
15.1036 -0.0171822 1.05725
15.296 -0.0168563 1.04223
15.4884 -0.0165407 1.02761
15.6808 -0.0162347 1.01338
15.8732 -0.0159381 0.999516
16.0656 -0.0156505 0.986019
16.258 -0.0153713 0.972858
16.4504 -0.0151005 0.960033
16.6428 -0.0148374 0.947521
16.8352 -0.014582 0.935322
17.0276 -0.0143338 0.92342
17.22 -0.0140925 0.9118
17.4124 -0.013858 0.900455
17.6048 -0.0136299 0.889374
17.7972 -0.013408 0.878553
17.9896 -0.0131921 0.867978
18.182 -0.0129819 0.857644
18.3744 -0.0127773 0.847537
18.5668 -0.0125779 0.837656
18.7592 -0.0123837 0.827995
18.9516 -0.0121945 0.81854
19.144 -0.01201 0.809291
19.3364 -0.0118302 0.800234
19.5288 -0.0116548 0.791367
19.7212 -0.0114836 0.782687
19.9136 -0.0113167 0.774185
20.106 -0.0111537 0.76586
20.2984 -0.0109947 0.7577
20.4908 -0.0108393 0.749704
20.6832 -0.0106876 0.741867
20.8756 -0.0105395 0.734183
21.068 -0.0103947 0.726645
21.2604 -0.0102532 0.719254
21.4528 -0.0101149 0.712009
21.6452 -0.00997962 0.704892
21.8376 -0.00984738 0.697915
22.03 -0.00971804 0.691068
22.2224 -0.0095915 0.684344
22.4148 -0.00946769 0.677743
22.6072 -0.00934653 0.671265
22.7996 -0.00922793 0.664899
22.992 -0.00911181 0.658645
23.1844 -0.00899812 0.652504
23.3768 -0.00888677 0.646474
23.5692 -0.0087777 0.640541
23.7616 -0.00867085 0.634714
23.954 -0.00856615 0.628989
24.1464 -0.00846354 0.623355
24.3388 -0.00836296 0.617822
24.5312 -0.00826436 0.612374
24.7236 -0.00816769 0.607018
24.916 -0.00807289 0.601752
25.1084 -0.00797991 0.596571
25.3008 -0.0078887 0.591472
25.4932 -0.00779921 0.586455
25.6856 -0.00771141 0.58152
25.878 -0.00762525 0.576668
26.0704 -0.00754067 0.57188
26.2628 -0.00745765 0.567174
26.4552 -0.00737615 0.562541
26.6476 -0.00729612 0.557973
26.84 -0.00721752 0.553477
27.0324 -0.00714033 0.549046
27.2248 -0.00706451 0.544688
27.4172 -0.00699002 0.540395
27.6096 -0.00691683 0.536165
27.802 -0.00684491 0.53199
27.9944 -0.00677423 0.527879
28.1868 -0.00670475 0.523833
28.3792 -0.00663646 0.519841
28.5716 -0.00656932 0.515904
28.764 -0.00650331 0.512022
28.9564 -0.00643839 0.508195
29.1488 -0.00637455 0.504424
29.3412 -0.00631175 0.500706
29.5336 -0.00624998 0.497036
29.726 -0.00618922 0.49342
29.9184 -0.00612943 0.489849
30.1108 -0.0060706 0.486332
30.3032 -0.0060127 0.482861
30.4956 -0.00595572 0.479435
30.688 -0.00589963 0.476055
30.8804 -0.00584442 0.472713
31.0728 -0.00579007 0.469425
31.2652 -0.00573655 0.466175
31.4576 -0.00568385 0.462971
31.65 -0.00563196 0.459805
31.8424 -0.00558085 0.456676
32.0348 -0.00553051 0.453587
32.2272 -0.00548092 0.450542
32.4196 -0.00543207 0.447536
32.612 -0.00538394 0.444561
32.8044 -0.00533652 0.441631
32.9968 -0.00528979 0.438732
33.1892 -0.00524374 0.435871
33.3816 -0.00519835 0.433041
33.574 -0.00515362 0.430248
33.7664 -0.00510952 0.427486
33.9588 -0.00506605 0.424763
34.1512 -0.00502319 0.42207
34.3436 -0.00498093 0.419407
34.536 -0.00493927 0.416775
34.7284 -0.00489818 0.414173
34.9208 -0.00485765 0.41161
35.1132 -0.00481769 0.409069
35.3056 -0.00477827 0.406559
35.498 -0.00473938 0.404079
35.6904 -0.00470102 0.401623
35.8828 -0.00466317 0.399197
36.0752 -0.00462583 0.396799
36.2676 -0.00458899 0.394431
36.46 -0.00455263 0.392087
36.6524 -0.00451675 0.389767
36.8448 -0.00448133 0.387473
37.0372 -0.00444638 0.385208
37.2296 -0.00441188 0.382962
37.422 -0.00437783 0.380746
37.6144 -0.00434421 0.378549
37.8068 -0.00431102 0.376376
37.9992 -0.00427825 0.374234
38.1916 -0.00424589 0.37211
38.384 -0.00421394 0.370004
38.5764 -0.00418239 0.367923
38.7688 -0.00415123 0.365866
38.9612 -0.00412046 0.363828
39.1536 -0.00409006 0.361813
39.346 -0.00406003 0.359818
39.5384 -0.00403038 0.357846
39.7308 -0.00400108 0.355893
39.9232 -0.00397213 0.353958
40.1156 -0.00394353 0.352048
40.308 -0.00391528 0.35015
40.5004 -0.00388736 0.348276
40.6928 -0.00385977 0.346414
40.8852 -0.0038325 0.344577
41.0776 -0.00380556 0.342758
41.27 -0.00377892 0.340958
41.4624 -0.0037526 0.339169
41.6548 -0.00372658 0.337405
41.8472 -0.00370087 0.335654
42.0396 -0.00367544 0.33392
42.232 -0.00365031 0.332205
42.4244 -0.00362546 0.330502
42.6168 -0.00360089 0.328824
42.8092 -0.0035766 0.327151
43.0016 -0.00355258 0.325504
43.194 -0.00352883 0.323868
43.3864 -0.00350534 0.322244
43.5788 -0.00348211 0.320639
43.7712 -0.00345914 0.319046
43.9636 -0.00343642 0.317471
44.156 -0.00341394 0.315909
44.3484 -0.00339171 0.314365
44.5408 -0.00336972 0.312827
44.7332 -0.00334797 0.311313
44.9256 -0.00332645 0.309805
45.118 -0.00330516 0.308316
45.3104 -0.0032841 0.306833
45.5028 -0.00326326 0.305368
45.6952 -0.00324264 0.303915
45.8876 -0.00322223 0.302481
46.08 -0.00320204 0.301053
46.2724 -0.00318206 0.299638
46.4648 -0.00316228 0.298238
46.6572 -0.00314271 0.296846
46.8496 -0.00312334 0.295473
47.042 -0.00310417 0.294109
47.2344 -0.00308519 0.292754
47.4268 -0.00306641 0.291408
47.6192 -0.00304782 0.29008
47.8116 -0.00302941 0.288762
48.004 -0.00301119 0.287453
48.1964 -0.00299315 0.286153
48.3888 -0.00297529 0.284871
48.5812 -0.0029576 0.283589
48.7736 -0.0029401 0.282326
48.966 -0.00292276 0.281071
49.1584 -0.00290559 0.279836
49.3508 -0.00288859 0.2786
49.5432 -0.00287176 0.277373
49.7356 -0.00285509 0.276164
49.928 -0.00283858 0.274956
50.1204 -0.00282222 0.273766
50.3128 -0.00280603 0.272585
50.5052 -0.00278999 0.271404
50.6976 -0.0027741 0.270241
50.89 -0.00275836 0.269087
51.0824 -0.00274277 0.267943
51.2748 -0.00272732 0.266798
51.4672 -0.00271202 0.265672
51.6596 -0.00269687 0.264555
51.852 -0.00268185 0.263448
52.0444 -0.00266697 0.26234
52.2368 -0.00265223 0.26125
52.4292 -0.00263763 0.260161
52.6216 -0.00262316 0.25909
52.814 -0.00260882 0.258018
53.0064 -0.00259461 0.256956
53.1988 -0.00258053 0.255913
53.3912 -0.00256657 0.254869
53.5836 -0.00255274 0.253825
53.776 -0.00253904 0.2528
53.9684 -0.00252546 0.251784
54.1608 -0.00251199 0.250768
54.3532 -0.00249865 0.24976
54.5456 -0.00248543 0.248763
54.738 -0.00247232 0.247774
54.9304 -0.00245932 0.246794
55.1228 -0.00244644 0.245815
55.3152 -0.00243367 0.244853
55.5076 -0.00242102 0.243892
55.7 -0.00240847 0.242931
55.8924 -0.00239603 0.241988
56.0848 -0.00238369 0.241045
56.2772 -0.00237147 0.240111
56.4696 -0.00235934 0.239186
56.662 -0.00234732 0.238271
56.8544 -0.0023354 0.237355
57.0468 -0.00232358 0.236449
57.2392 -0.00231187 0.235542
57.4316 -0.00230024 0.234654
57.624 -0.00228872 0.233766
57.8164 -0.00227729 0.232887
58.0088 -0.00226596 0.232008
58.2012 -0.00225472 0.231139
58.3936 -0.00224357 0.230278
58.586 -0.00223252 0.229417
58.7784 -0.00222155 0.228566
58.9708 -0.00221068 0.227724
59.1632 -0.00219989 0.226881
59.3556 -0.00218919 0.226048
59.548 -0.00217858 0.225224
59.7404 -0.00216805 0.2244
59.9328 -0.00215761 0.223586
60.1252 -0.00214725 0.222771
60.3176 -0.00213697 0.221965
60.51 -0.00212678 0.221169
60.7024 -0.00211666 0.220372
60.8948 -0.00210663 0.219576
61.0872 -0.00209667 0.218797
61.2796 -0.0020868 0.218019
61.472 -0.002077 0.217241
61.6644 -0.00206728 0.216472
61.8568 -0.00205763 0.215712
62.0492 -0.00204806 0.214952
62.2416 -0.00203856 0.214201
62.434 -0.00202913 0.213451
62.6264 -0.00201978 0.2127
62.8188 -0.0020105 0.211967
63.0112 -0.00200129 0.211235
63.2036 -0.00199215 0.210503
63.396 -0.00198307 0.209779
63.5884 -0.00197407 0.209056
63.7808 -0.00196514 0.208342
63.9732 -0.00195627 0.207628
64.1656 -0.00194747 0.206923
64.358 -0.00193874 0.206218
64.5504 -0.00193007 0.205522
64.7428 -0.00192146 0.204826
64.9352 -0.00191292 0.20414
65.1276 -0.00190444 0.203453
65.32 -0.00189602 0.202776
65.5124 -0.00188767 0.202098
65.7048 -0.00187938 0.20143
65.8972 -0.00187114 0.200761
66.0896 -0.00186297 0.200093
66.282 -0.00185486 0.199435
66.4744 -0.0018468 0.198782
66.6668 -0.00183881 0.198129
66.8592 -0.00183087 0.197482
67.0516 -0.00182299 0.196835
67.244 -0.00181516 0.196194
67.4364 -0.00180739 0.19556
67.6288 -0.00179968 0.194931
67.8212 -0.00179202 0.194302
68.0136 -0.00178441 0.19368
68.206 -0.00177686 0.193057
68.3984 -0.00176936 0.192441
68.5908 -0.00176192 0.191824
68.7832 -0.00175452 0.191214
68.9756 -0.00174718 0.19061
69.168 -0.00173989 0.190005
69.3604 -0.00173265 0.189407
69.5528 -0.00172546 0.188815
69.7452 -0.00171832 0.188223
69.9376 -0.00171123 0.187631
70.13 -0.00170418 0.187045
70.3224 -0.00169719 0.186465
70.5148 -0.00169024 0.185886
70.7072 -0.00168334 0.185312
70.8996 -0.00167649 0.184738
71.092 -0.00166968 0.184171
71.2844 -0.00166292 0.183609
71.4768 -0.0016562 0.183041
71.6692 -0.00164953 0.182486
71.8616 -0.00164291 0.181931
72.054 -0.00163633 0.181375
72.2464 -0.00162979 0.180826
72.4388 -0.0016233 0.180283
72.6312 -0.00161684 0.179739
72.8236 -0.00161044 0.179196
73.016 -0.00160407 0.178659
73.2084 -0.00159775 0.178128
73.4008 -0.00159146 0.177597
73.5932 -0.00158522 0.177066
73.7856 -0.00157902 0.176541
73.978 -0.00157286 0.176022
74.1704 -0.00156674 0.175504
74.3628 -0.00156066 0.174985
74.5552 -0.00155461 0.174472
74.7476 -0.00154861 0.173959
74.94 -0.00154265 0.173453
75.1324 -0.00153672 0.172946
75.3248 -0.00153083 0.17244
75.5172 -0.00152498 0.171945
75.7096 -0.00151917 0.171445
75.902 -0.00151339 0.17095
76.0944 -0.00150765 0.170456
76.2868 -0.00150195 0.169968
76.4792 -0.00149628 0.169479
76.6716 -0.00149064 0.168997
76.864 -0.00148505 0.168515
77.0564 -0.00147948 0.168039
77.2488 -0.00147396 0.167563
77.4412 -0.00146846 0.167087
77.6336 -0.001463 0.166617
77.826 -0.00145758 0.166147
78.0184 -0.00145219 0.165677
78.2108 -0.00144683 0.165213
78.4032 -0.0014415 0.164755
78.5956 -0.00143621 0.164291
78.788 -0.00143094 0.16384
78.9804 -0.00142572 0.163382
79.1728 -0.00142052 0.16293
79.3652 -0.00141535 0.162479
79.5576 -0.00141022 0.162033
79.75 -0.00140511 0.161588
79.9424 -0.00140004 0.161142
80.1348 -0.001395 0.160703
80.3272 -0.00138999 0.160263
80.5196 -0.001385 0.15983
80.712 -0.00138005 0.159396
80.9044 -0.00137513 0.158963
81.0968 -0.00137023 0.15853
81.2892 -0.00136537 0.158102
81.4816 -0.00136053 0.157681
81.674 -0.00135572 0.157254
81.8664 -0.00135094 0.156833
82.0588 -0.00134619 0.156418
82.2512 -0.00134147 0.155997
82.4436 -0.00133677 0.155582
82.636 -0.0013321 0.155173
82.8284 -0.00132746 0.154758
83.0208 -0.00132285 0.154349
83.2132 -0.00131826 0.153946
83.4056 -0.0013137 0.153537
83.598 -0.00130916 0.153134
83.7904 -0.00130465 0.152731
83.9828 -0.00130017 0.152335
84.1752 -0.00129571 0.151938
84.3676 -0.00129128 0.151541
84.56 -0.00128687 0.151151
84.7524 -0.00128249 0.15076
84.9448 -0.00127813 0.150369
85.1372 -0.0012738 0.149979
85.3296 -0.00126949 0.149594
85.522 -0.0012652 0.14921
85.7144 -0.00126094 0.148831
85.9068 -0.00125671 0.148447
86.0992 -0.0012525 0.148068
86.2916 -0.00124831 0.147696
86.484 -0.00124414 0.147318
86.6764 -0.00124 0.146945
86.8688 -0.00123588 0.146573
87.0612 -0.00123178 0.146207
87.2536 -0.00122771 0.145834
87.446 -0.00122365 0.145468
87.6384 -0.00121962 0.145108
87.8308 -0.00121562 0.144742
88.0232 -0.00121163 0.144382
88.2156 -0.00120767 0.144022
88.408 -0.00120372 0.143668
88.6004 -0.0011998 0.143307
88.7928 -0.0011959 0.142953
88.9852 -0.00119202 0.142599
89.1776 -0.00118817 0.142252
89.37 -0.00118433 0.141898
89.5624 -0.00118051 0.14155
89.7548 -0.00117672 0.141208
89.9472 -0.00117294 0.14086
90.1396 -0.00116919 0.140518
90.332 -0.00116545 0.140176
90.5244 -0.00116173 0.139835
90.7168 -0.00115804 0.139499
90.9092 -0.00115436 0.139157
91.1016 -0.0011507 0.138821
91.294 -0.00114707 0.138492
91.4864 -0.00114345 0.138156
91.6788 -0.00113985 0.137827
91.8712 -0.00113627 0.137497
92.0636 -0.00113271 0.137167
92.256 -0.00112916 0.136844
92.4484 -0.00112564 0.136514
92.6408 -0.00112213 0.136191
92.8332 -0.00111864 0.135867
93.0256 -0.00111517 0.13555
93.218 -0.00111172 0.135226
93.4104 -0.00110828 0.134909
93.6028 -0.00110487 0.134592
93.7952 -0.00110147 0.13428
93.9876 -0.00109808 0.133963
94.18 -0.00109472 0.133652
94.3724 -0.00109137 0.13334
94.5648 -0.00108804 0.133029
94.7572 -0.00108473 0.132718
94.9496 -0.00108143 0.132413
95.142 -0.00107815 0.132108
95.3344 -0.00107489 0.131802
95.5268 -0.00107164 0.131497
95.7192 -0.00106841 0.131198
95.9116 -0.00106519 0.130893
96.104 -0.00106199 0.130594
96.2964 -0.00105881 0.130295
96.4888 -0.00105564 0.130002
96.6812 -0.00105249 0.129703
96.8736 -0.00104936 0.12941
97.066 -0.00104624 0.129117
97.2584 -0.00104313 0.128824
97.4508 -0.00104004 0.128531
97.6432 -0.00103697 0.128244
97.8356 -0.00103391 0.127957
98.028 -0.00103087 0.12767
98.2204 -0.00102784 0.127383
98.4128 -0.00102482 0.127097
98.6052 -0.00102182 0.126816
98.7976 -0.00101884 0.126529
98.99 -0.00101587 0.126248
99.1824 -0.00101291 0.125967
99.3748 -0.00100997 0.125693
99.5672 -0.00100704 0.125412
99.7596 -0.00100413 0.125137
99.952 -0.00100123 0.124863
100.144 -0.000998344 0.124588
100.337 -0.000995473 0.124313
100.529 -0.000992615 0.124039
100.722 -0.000989771 0.12377
100.914 -0.00098694 0.123495
101.106 -0.000984123 0.123227
101.299 -0.000981319 0.122964
101.491 -0.000978529 0.122696
101.684 -0.000975751 0.122427
101.876 -0.000972987 0.122165
102.068 -0.000970236 0.121902
102.261 -0.000967498 0.12164
102.453 -0.000964773 0.121378
102.646 -0.00096206 0.121115
102.838 -0.00095936 0.120859
103.03 -0.000956673 0.120596
103.223 -0.000953998 0.12034
103.415 -0.000951336 0.120084
103.608 -0.000948686 0.119827
103.8 -0.000946048 0.119577
103.992 -0.000943423 0.119321
104.185 -0.000940809 0.11907
104.377 -0.000938208 0.11882
104.57 -0.000935619 0.11857
104.762 -0.000933041 0.11832
104.954 -0.000930476 0.118069
105.147 -0.000927922 0.117819
105.339 -0.000925379 0.117575
105.532 -0.000922849 0.117331
105.724 -0.00092033 0.117087
105.916 -0.000917822 0.116843
106.109 -0.000915326 0.116599
106.301 -0.000912841 0.116354
106.494 -0.000910367 0.116116
106.686 -0.000907904 0.115878
106.878 -0.000905453 0.115634
107.071 -0.000903012 0.115396
107.263 -0.000900583 0.115164
107.456 -0.000898164 0.114926
107.648 -0.000895756 0.114688
107.84 -0.000893359 0.114456
108.033 -0.000890972 0.114224
108.225 -0.000888596 0.113986
108.418 -0.000886231 0.11376
108.61 -0.000883876 0.113528
108.802 -0.000881532 0.113297
108.995 -0.000879198 0.113065
109.187 -0.000876874 0.112839
109.38 -0.00087456 0.112613
109.572 -0.000872257 0.112387
109.764 -0.000869963 0.112161
109.957 -0.00086768 0.111935
110.149 -0.000865407 0.11171
110.342 -0.000863143 0.111484
110.534 -0.00086089 0.111264
110.726 -0.000858646 0.111044
110.919 -0.000856412 0.110818
111.111 -0.000854187 0.110599
111.304 -0.000851972 0.110379
111.496 -0.000849767 0.110165
111.688 -0.000847571 0.109946
111.881 -0.000845385 0.109726
112.073 -0.000843208 0.109512
112.266 -0.000841041 0.109299
112.458 -0.000838882 0.109085
112.65 -0.000836733 0.108871
112.843 -0.000834593 0.108658
113.035 -0.000832463 0.108444
113.228 -0.000830341 0.108231
113.42 -0.000828228 0.108023
113.612 -0.000826124 0.107809
113.805 -0.000824029 0.107602
113.997 -0.000821943 0.107394
114.19 -0.000819866 0.107187
114.382 -0.000817797 0.106979
114.574 -0.000815737 0.106772
114.767 -0.000813686 0.10657
114.959 -0.000811643 0.106363
115.152 -0.000809609 0.106161
115.344 -0.000807584 0.105954
115.536 -0.000805566 0.105753
115.729 -0.000803558 0.105551
115.921 -0.000801557 0.10535
116.114 -0.000799565 0.105148
116.306 -0.000797581 0.104953
116.498 -0.000795605 0.104752
116.691 -0.000793637 0.104556
116.883 -0.000791678 0.104355
117.076 -0.000789726 0.10416
117.268 -0.000787783 0.103964
117.46 -0.000785847 0.103769
117.653 -0.00078392 0.103574
117.845 -0.000782 0.103378
118.038 -0.000780088 0.103183
118.23 -0.000778184 0.102994
118.422 -0.000776288 0.102798
118.615 -0.000774399 0.102609
118.807 -0.000772518 0.10242
119 -0.000770644 0.102225
119.192 -0.000768778 0.102036
119.384 -0.00076692 0.101846
119.577 -0.000765069 0.101663
119.769 -0.000763226 0.101474
119.962 -0.00076139 0.101285
120.154 -0.000759561 0.101102
120.346 -0.000757739 0.100912
120.539 -0.000755925 0.100729
120.731 -0.000754118 0.100546
120.924 -0.000752319 0.100363
121.116 -0.000750526 0.10018
121.308 -0.000748741 0.0999969
121.501 -0.000746962 0.0998138
121.693 -0.000745191 0.0996307
121.886 -0.000743426 0.0994537
122.078 -0.000741669 0.0992706
122.27 -0.000739918 0.0990936
122.463 -0.000738175 0.0989105
122.655 -0.000736438 0.0987335
122.848 -0.000734708 0.0985565
123.04 -0.000732985 0.0983795
123.232 -0.000731268 0.0982025
123.425 -0.000729558 0.0980255
123.617 -0.000727855 0.0978485
123.81 -0.000726159 0.0976776
124.002 -0.000724469 0.0975006
124.194 -0.000722785 0.0973297
124.387 -0.000721108 0.0971527
124.579 -0.000719438 0.0969818
124.772 -0.000717774 0.0968109
124.964 -0.000716116 0.09664
125.156 -0.000714465 0.0964691
125.349 -0.00071282 0.0962982
125.541 -0.000711181 0.0961273
125.734 -0.000709549 0.0959625
125.926 -0.000707923 0.0957916
126.118 -0.000706303 0.0956207
126.311 -0.000704689 0.0954559
126.503 -0.000703082 0.0952911
126.696 -0.00070148 0.0951202
126.888 -0.000699885 0.0949554
127.08 -0.000698296 0.0947906
127.273 -0.000696712 0.0946259
127.465 -0.000695135 0.0944611
127.658 -0.000693563 0.0942963
127.85 -0.000691998 0.0941376
128.042 -0.000690438 0.0939728
128.235 -0.000688884 0.093808
128.427 -0.000687336 0.0936493
128.62 -0.000685794 0.0934845
128.812 -0.000684258 0.0933258
129.004 -0.000682727 0.0931671
129.197 -0.000681202 0.0930084
129.389 -0.000679683 0.0928497
129.582 -0.000678169 0.092691
129.774 -0.000676661 0.0925323
129.966 -0.000675158 0.0923737
130.159 -0.000673661 0.092215
130.351 -0.00067217 0.0920563
130.544 -0.000670684 0.0919037
130.736 -0.000669204 0.091745
130.928 -0.000667729 0.0915924
131.121 -0.000666259 0.0914398
131.313 -0.000664795 0.0912811
131.506 -0.000663336 0.0911285
131.698 -0.000661882 0.090976
131.89 -0.000660434 0.0908234
132.083 -0.000658991 0.0906708
132.275 -0.000657553 0.0905182
132.468 -0.000656121 0.0903656
132.66 -0.000654694 0.0902191
132.852 -0.000653271 0.0900665
133.045 -0.000651854 0.0899139
133.237 -0.000650443 0.0897675
133.43 -0.000649036 0.089621
133.622 -0.000647634 0.0894684
133.814 -0.000646237 0.0893219
134.007 -0.000644846 0.0891754
134.199 -0.000643459 0.0890289
134.392 -0.000642077 0.0888824
134.584 -0.0006407 0.088736
134.776 -0.000639329 0.0885895
134.969 -0.000637962 0.088443
135.161 -0.000636599 0.0882965
135.354 -0.000635242 0.08815
135.546 -0.00063389 0.0880096
135.738 -0.000632542 0.0878632
135.931 -0.000631199 0.0877228
136.123 -0.000629861 0.0875763
136.316 -0.000628528 0.0874359
136.508 -0.000627199 0.0872955
136.7 -0.000625875 0.0871552
136.893 -0.000624555 0.0870087
137.085 -0.000623241 0.0868683
137.278 -0.00062193 0.0867279
137.47 -0.000620625 0.0865875
137.662 -0.000619324 0.0864532
137.855 -0.000618027 0.0863129
138.047 -0.000616735 0.0861725
138.24 -0.000615448 0.0860382
138.432 -0.000614165 0.0858978
138.624 -0.000612886 0.0857574
138.817 -0.000611612 0.0856232
139.009 -0.000610342 0.0854889
139.202 -0.000609077 0.0853485
139.394 -0.000607816 0.0852142
139.586 -0.00060656 0.08508
139.779 -0.000605307 0.0849457
139.971 -0.000604059 0.0848114
140.164 -0.000602816 0.0846771
140.356 -0.000601576 0.0845428
140.548 -0.000600341 0.0844086
140.741 -0.00059911 0.0842743
140.933 -0.000597883 0.08414
141.126 -0.000596661 0.0840118
141.318 -0.000595442 0.0838776
141.51 -0.000594228 0.0837494
141.703 -0.000593018 0.0836151
141.895 -0.000591812 0.0834869
