7.6 0.046703 0.838933
7.7924 0.0450311 0.806819
7.9848 0.0434569 0.776505
8.1772 0.0419726 0.747861
8.3696 0.0405713 0.720755
8.562 0.0392466 0.695079
8.7544 0.0379928 0.670726
8.9468 0.0368049 0.647601
9.1392 0.035678 0.625619
9.3316 0.0346079 0.604705
9.524 0.0335907 0.584779
9.7164 0.0326229 0.565791
9.9088 0.0317012 0.547664
10.1012 0.0308226 0.53036
10.2936 0.0299843 0.513817
10.486 0.0291839 0.49799
10.6784 0.028419 0.48283
10.8708 0.0276874 0.468311
11.0632 0.0269872 0.454395
11.2556 0.0263167 0.441036
11.448 0.0256739 0.428211
11.6404 0.0250574 0.415897
11.8328 0.0244657 0.404049
12.0252 0.0238975 0.392654
12.2176 0.0233515 0.381686
12.41 0.0228265 0.371127
12.6024 0.0223214 0.360947
12.7948 0.0218352 0.351132
12.9872 0.0213669 0.341666
13.1796 0.0209157 0.332529
13.372 0.0204806 0.323709
13.5644 0.020061 0.315182
13.7568 0.019656 0.306943
13.9492 0.0192649 0.298979
14.1416 0.0188872 0.29127
14.334 0.0185222 0.283809
14.5264 0.0181693 0.276576
14.7188 0.017828 0.269582
14.9112 0.0174977 0.262798
15.1036 0.017178 0.256224
15.296 0.0168684 0.249852
15.4884 0.0165685 0.243663
15.6808 0.0162779 0.237657
15.8732 0.0159962 0.231825
16.0656 0.015723 0.226158
16.258 0.015458 0.220656
16.4504 0.0152008 0.215309
16.6428 0.0149512 0.210109
16.8352 0.0147088 0.205055
17.0276 0.0144734 0.20013
17.22 0.0142446 0.19534
17.4124 0.0140222 0.190677
17.6048 0.0138061 0.186136
17.7972 0.0135959 0.181717
17.9896 0.0133914 0.177408
18.182 0.0131926 0.173203
18.3744 0.012999 0.169107
18.5668 0.0128105 0.165115
18.7592 0.0126271 0.161215
18.9516 0.0124483 0.157413
19.144 0.0122742 0.153702
19.3364 0.0121046 0.150082
19.5288 0.0119393 0.146542
19.7212 0.0117781 0.143082
19.9136 0.011621 0.139706
20.106 0.0114677 0.136404
20.2984 0.0113182 0.133176
20.4908 0.0111723 0.13002
20.6832 0.01103 0.126932
20.8756 0.010891 0.123917
21.068 0.0107555 0.120956
21.2604 0.0106231 0.118063
21.4528 0.0104937 0.115231
21.6452 0.0103674 0.112454
21.8376 0.010244 0.109738
22.03 0.0101234 0.107077
22.2224 0.0100056 0.104465
22.4148 0.00989033 0.101907
22.6072 0.00977777 0.0993988
22.7996 0.0096677 0.096933
22.992 0.00955995 0.0945221
23.1844 0.00945462 0.0921539
23.3768 0.00935165 0.0898224
23.5692 0.00925085 0.0875397
23.7616 0.00915224 0.0852997
23.954 0.00905567 0.0830963
24.1464 0.00896126 0.0809296
24.3388 0.00886874 0.0787994
24.5312 0.00877825 0.0767059
24.7236 0.00868962 0.0746429
24.916 0.0086028 0.0726166
25.1084 0.00851773 0.0706268
25.3008 0.00843445 0.0686615
25.4932 0.00835279 0.0667267
25.6856 0.00827282 0.0648224
25.878 0.00819449 0.0629486
26.0704 0.00811774 0.0610931
26.2628 0.00804241 0.0592682
26.4552 0.00796867 0.0574677
26.6476 0.00789625 0.0556915
26.84 0.00782534 0.0539337
27.0324 0.00775576 0.0522003
27.2248 0.00768761 0.0504852
27.4172 0.0076207 0.0487823
27.6096 0.00755513 0.0471039
27.802 0.00749071 0.0454437
27.9944 0.00742754 0.0437897
28.1868 0.00736556 0.0421539
28.3792 0.00730475 0.0405304
28.5716 0.00724504 0.0389191
28.764 0.00718653 0.0373138
28.9564 0.00712904 0.0357147
29.1488 0.00707253 0.0341217
29.3412 0.00701708 0.0325348
29.5336 0.00696276 0.0309418
29.726 0.00690927 0.0293488
29.9184 0.0068568 0.0277496
30.1108 0.00680529 0.0261383
30.3032 0.00675467 0.0245148
30.4956 0.00670498 0.0228668
30.688 0.00665613 0.0211945
30.8804 0.00660823 0.0194794
31.0728 0.00656102 0.0177155
31.2652 0.00651476 0.0158783
31.4576 0.00646926 0.0139374
31.65 0.00642452 0.01185
31.8424 0.00638055 0.00951233
32.0348 0.00633733 0.00670471
32.2272 0.00629489 0.00210266
