7.6 0.0551124 3.05176e-06
7.7924 0.0530839 3.05176e-06
7.9848 0.0443205 1.84754
8.1772 0.0427655 1.79492
8.3696 0.0412994 1.74529
8.562 0.0399151 1.69838
8.7544 0.0386066 1.65394
8.9468 0.0373679 1.61176
9.1392 0.0361941 1.57165
9.3316 0.0350806 1.53346
9.524 0.0340229 1.49705
9.7164 0.0330174 1.46228
9.9088 0.0320604 1.42906
10.1012 0.0311488 1.39725
10.2936 0.0302796 1.36679
10.486 0.0294501 1.33758
10.6784 0.0286577 1.30954
10.8708 0.0279003 1.28261
11.0632 0.0271756 1.25672
11.2556 0.0264818 1.23181
11.448 0.0258171 1.20782
11.6404 0.0251796 1.1847
11.8328 0.024568 1.16241
12.0252 0.0239807 1.14091
12.2176 0.0234165 1.12014
12.41 0.0228741 1.10008
12.6024 0.0223523 1.08069
12.7948 0.02185 1.06194
12.9872 0.0213662 1.04379
13.1796 0.0209001 1.02622
13.372 0.0204506 1.0092
13.5644 0.0200171 0.992702
13.7568 0.0195986 0.976704
13.9492 0.0191945 0.961185
14.1416 0.0188042 0.946125
14.334 0.0184268 0.931507
14.5264 0.018062 0.917301
14.7188 0.017709 0.9035
14.9112 0.0173673 0.890081
15.1036 0.0170365 0.877035
15.296 0.0167161 0.864346
15.4884 0.0164056 0.851986
15.6808 0.0161046 0.839963
15.8732 0.0158127 0.828249
16.0656 0.0155295 0.816844
16.258 0.0152546 0.805727
16.4504 0.0149878 0.794882
16.6428 0.0147286 0.784317
16.8352 0.0144769 0.774008
17.0276 0.0142322 0.76395
17.22 0.0139943 0.754135
17.4124 0.013763 0.744547
17.6048 0.013538 0.73519
17.7972 0.0133191 0.726047
17.9896 0.013106 0.717117
18.182 0.0128985 0.708389
18.3744 0.0126965 0.699858
18.5668 0.0124996 0.691516
18.7592 0.0123078 0.683361
18.9516 0.0121209 0.675377
19.144 0.0119386 0.667569
19.3364 0.0117609 0.659927
19.5288 0.0115875 0.65245
19.7212 0.0114183 0.645123
19.9136 0.0112533 0.637951
20.106 0.0110921 0.630928
20.2984 0.0109348 0.624049
20.4908 0.0107811 0.617304
20.6832 0.0106311 0.610692
20.8756 0.0104844 0.604214
21.068 0.0103411 0.597862
21.2604 0.0102011 0.591637
21.4528 0.0100642 0.58553
21.6452 0.00993027 0.579533
21.8376 0.00979933 0.573656
22.03 0.00967123 0.567888
22.2224 0.00954591 0.562221
22.4148 0.00942327 0.556664
22.6072 0.00930323 0.551207
22.7996 0.00918572 0.545851
22.992 0.00907066 0.540587
23.1844 0.00895798 0.535414
23.3768 0.00884762 0.530342
23.5692 0.0087395 0.525352
23.7616 0.00863357 0.520445
23.954 0.00852977 0.51563
24.1464 0.00842802 0.510887
24.3388 0.00832828 0.506236
24.5312 0.0082305 0.501659
24.7236 0.00813461 0.497158
24.916 0.00804057 0.492725
25.1084 0.00794833 0.488369
25.3008 0.00785784 0.484089
25.4932 0.00776905 0.47987
25.6856 0.00768193 0.475727
25.878 0.00759642 0.471645
26.0704 0.00751248 0.467625
26.2628 0.00743008 0.463673
26.4552 0.00734917 0.459782
26.6476 0.00726972 0.455952
26.84 0.0071917 0.452175
27.0324 0.00711505 0.44846
27.2248 0.00703977 0.444798
27.4172 0.00696579 0.441196
27.6096 0.00689311 0.437641
27.802 0.00682168 0.434147
27.9944 0.00675148 0.430698
28.1868 0.00668247 0.427303
28.3792 0.00661463 0.423954
28.5716 0.00654793 0.42065
28.764 0.00648234 0.4174
28.9564 0.00641784 0.414196
29.1488 0.0063544 0.411037
29.3412 0.00629201 0.407917
29.5336 0.00623062 0.404842
29.726 0.00617023 0.401814
29.9184 0.00611081 0.398825
30.1108 0.00605233 0.395877
30.3032 0.00599478 0.392972
30.4956 0.00593814 0.390103
30.688 0.00588239 0.387271
30.8804 0.0058275 0.384482
31.0728 0.00577346 0.381723
31.2652 0.00572025 0.379007
31.4576 0.00566785 0.376321
31.65 0.00561625 0.373672
31.8424 0.00556542 0.37106
32.0348 0.00551536 0.368478
32.2272 0.00546604 0.365927
32.4196 0.00541746 0.363412
32.612 0.00536959 0.360928
32.8044 0.00532242 0.358481
32.9968 0.00527594 0.356058
33.1892 0.00523013 0.353665
33.3816 0.00518498 0.351303
33.574 0.00514047 0.348965
33.7664 0.0050966 0.346664
33.9588 0.00505335 0.344388
34.1512 0.0050107 0.342136
34.3436 0.00496866 0.339914
34.536 0.0049272 0.337717
34.7284 0.00488631 0.335544
34.9208 0.00484598 0.333401
35.1132 0.00480621 0.331284
35.3056 0.00476697 0.32919
35.498 0.00472827 0.327115
35.6904 0.00469009 0.32507
35.8828 0.00465242 0.32305
36.0752 0.00461525 0.321048
36.2676 0.00457858 0.31907
36.46 0.00454238 0.317117
36.6524 0.00450666 0.315182
36.8448 0.00447141 0.313272
37.0372 0.00443661 0.31138
37.2296 0.00440227 0.309512
37.422 0.00436836 0.307663
37.6144 0.00433489 0.305832
37.8068 0.00430184 0.304025
37.9992 0.00426921 0.302237
38.1916 0.00423699 0.300467
38.384 0.00420518 0.298714
38.5764 0.00417376 0.296983
38.7688 0.00414272 0.295271
38.9612 0.00411208 0.293578
39.1536 0.0040818 0.291893
39.346 0.0040519 0.290236
39.5384 0.00402236 0.288597
39.7308 0.00399318 0.286967
39.9232 0.00396435 0.285356
40.1156 0.00393587 0.283763
40.308 0.00390772 0.282188
40.5004 0.00387991 0.280632
40.6928 0.00385242 0.279085
40.8852 0.00382526 0.277556
41.0776 0.00379842 0.276045
41.27 0.00377189 0.274544
41.4624 0.00374567 0.273061
41.6548 0.00371975 0.271596
41.8472 0.00369412 0.27014
42.0396 0.00366879 0.268694
42.232 0.00364375 0.267274
42.4244 0.00361899 0.265855
42.6168 0.00359451 0.264464
42.8092 0.00357031 0.263072
43.0016 0.00354637 0.261699
43.194 0.00352271 0.260344
43.3864 0.0034993 0.258998
43.5788 0.00347615 0.257661
43.7712 0.00345326 0.256343
43.9636 0.00343062 0.255034
44.156 0.00340822 0.253743
44.3484 0.00338606 0.252452
44.5408 0.00336415 0.25118
44.7332 0.00334247 0.249925
44.9256 0.00332102 0.248671
45.118 0.0032998 0.247435
45.3104 0.00327881 0.246208
45.5028 0.00325803 0.245
45.6952 0.00323748 0.243791
45.8876 0.00321714 0.242601
46.08 0.00319701 0.24142
46.2724 0.00317709 0.240239
46.4648 0.00315738 0.239085
46.6572 0.00313787 0.237932
46.8496 0.00311856 0.236787
47.042 0.00309945 0.235661
47.2344 0.00308053 0.234535
47.4268 0.00306181 0.233427
47.6192 0.00304327 0.23232
47.8116 0.00302492 0.23123
48.004 0.00300675 0.23015
48.1964 0.00298877 0.22907
48.3888 0.00297096 0.228008
48.5812 0.00295333 0.226955
48.7736 0.00293587 0.225902
48.966 0.00291859 0.224867
49.1584 0.00290147 0.223842
49.3508 0.00288452 0.222816
49.5432 0.00286773 0.221809
49.7356 0.00285111 0.220802
49.928 0.00283464 0.219804
50.1204 0.00281834 0.218816
50.3128 0.00280219 0.217836
50.5052 0.00278619 0.216866
50.6976 0.00277035 0.215904
50.89 0.00275465 0.214952
51.0824 0.0027391 0.214
51.2748 0.0027237 0.213057
51.4672 0.00270844 0.212132
51.6596 0.00269333 0.211208
51.852 0.00267835 0.210283
52.0444 0.00266351 0.209377
52.2368 0.00264881 0.20847
52.4292 0.00263425 0.207573
52.6216 0.00261981 0.206685
52.814 0.00260551 0.205806
53.0064 0.00259134 0.204927
53.1988 0.00257729 0.204057
53.3912 0.00256337 0.203197
53.5836 0.00254958 0.202345
53.776 0.00253591 0.201494
53.9684 0.00252236 0.200652
54.1608 0.00250894 0.199814
54.3532 0.00249563 0.198984
54.5456 0.00248243 0.19816
54.738 0.00246936 0.197348
54.9304 0.0024564 0.196536
55.1228 0.00244355 0.195731
55.3152 0.00243081 0.194931
55.5076 0.00241818 0.194138
55.7 0.00240566 0.19335
55.8924 0.00239325 0.192569
56.0848 0.00238095 0.191794
56.2772 0.00236875 0.191025
56.4696 0.00235666 0.190262
56.662 0.00234466 0.189505
56.8544 0.00233277 0.188748
57.0468 0.00232098 0.188004
57.2392 0.00230929 0.187259
57.4316 0.0022977 0.18652
57.624 0.0022862 0.185794
57.8164 0.0022748 0.185068
58.0088 0.00226349 0.184341
58.2012 0.00225227 0.183627
58.3936 0.00224115 0.182919
58.586 0.00223012 0.182211
58.7784 0.00221918 0.181509
58.9708 0.00220833 0.180814
59.1632 0.00219757 0.180124
59.3556 0.00218689 0.179434
59.548 0.0021763 0.178757
59.7404 0.0021658 0.178079
59.9328 0.00215538 0.177402
60.1252 0.00214504 0.176736
60.3176 0.00213479 0.176071
60.51 0.00212461 0.175418
60.7024 0.00211452 0.174759
60.8948 0.00210451 0.174112
61.0872 0.00209457 0.173465
61.2796 0.00208472 0.172824
61.472 0.00207494 0.172189
61.6644 0.00206524 0.171555
61.8568 0.00205561 0.170926
62.0492 0.00204605 0.170303
62.2416 0.00203658 0.169687
62.434 0.00202717 0.16907
62.6264 0.00201784 0.168454
62.8188 0.00200857 0.16785
63.0112 0.00199938 0.167245
63.2036 0.00199026 0.166647
63.396 0.00198121 0.166049
63.5884 0.00197222 0.165457
63.7808 0.0019633 0.164871
63.9732 0.00195445 0.164285
64.1656 0.00194567 0.163705
64.358 0.00193695 0.163126
64.5504 0.0019283 0.162558
64.7428 0.00191971 0.161984
64.9352 0.00191119 0.161423
65.1276 0.00190272 0.160855
65.32 0.00189432 0.1603
65.5124 0.00188599 0.159744
65.7048 0.00187771 0.159195
65.8972 0.00186949 0.158646
66.0896 0.00186133 0.158096
66.282 0.00185324 0.157559
66.4744 0.0018452 0.157022
66.6668 0.00183721 0.156485
66.8592 0.00182929 0.155954
67.0516 0.00182142 0.155423
67.244 0.00181361 0.154898
67.4364 0.00180586 0.154379
67.6288 0.00179816 0.15386
67.8212 0.00179051 0.153348
68.0136 0.00178292 0.152835
68.206 0.00177538 0.152322
68.3984 0.0017679 0.151816
68.5908 0.00176046 0.151315
68.7832 0.00175308 0.150815
68.9756 0.00174575 0.15032
69.168 0.00173847 0.149826
69.3604 0.00173125 0.149332
69.5528 0.00172407 0.148843
69.7452 0.00171694 0.148361
69.9376 0.00170986 0.147879
70.13 0.00170283 0.147397
70.3224 0.00169585 0.146921
70.5148 0.00168891 0.146445
70.7072 0.00168202 0.145975
70.8996 0.00167518 0.145511
71.092 0.00166838 0.145041
71.2844 0.00166163 0.144577
71.4768 0.00165493 0.144119
71.6692 0.00164827 0.143661
71.8616 0.00164166 0.14321
72.054 0.00163509 0.142752
72.2464 0.00162856 0.142307
72.4388 0.00162208 0.141855
72.6312 0.00161564 0.141415
72.8236 0.00160924 0.14097
73.016 0.00160288 0.14053
73.2084 0.00159657 0.140097
73.4008 0.00159029 0.139658
73.5932 0.00158406 0.13923
73.7856 0.00157787 0.138797
73.978 0.00157172 0.13837
74.1704 0.00156561 0.137943
74.3628 0.00155954 0.137521
74.5552 0.0015535 0.1371
74.7476 0.00154751 0.136685
74.94 0.00154156 0.13627
75.1324 0.00153564 0.135855
75.3248 0.00152976 0.135446
75.5172 0.00152392 0.135037
75.7096 0.00151811 0.134628
75.902 0.00151234 0.134225
76.0944 0.00150661 0.133823
76.2868 0.00150092 0.13342
76.4792 0.00149526 0.133023
76.6716 0.00148963 0.132626
76.864 0.00148404 0.132236
77.0564 0.00147849 0.131845
77.2488 0.00147297 0.131454
77.4412 0.00146748 0.13107
77.6336 0.00146203 0.130679
77.826 0.00145661 0.130301
78.0184 0.00145123 0.129916
78.2108 0.00144588 0.129538
78.4032 0.00144056 0.12916
78.5956 0.00143527 0.128787
78.788 0.00143002 0.128415
78.9804 0.0014248 0.128043
79.1728 0.00141961 0.12767
79.3652 0.00141445 0.127304
79.5576 0.00140932 0.126938
79.75 0.00140423 0.126578
79.9424 0.00139916 0.126218
80.1348 0.00139412 0.125858
80.3272 0.00138912 0.125497
80.5196 0.00138414 0.125143
80.712 0.0013792 0.124789
80.9044 0.00137428 0.124435
81.0968 0.00136939 0.124081
81.2892 0.00136454 0.123734
81.4816 0.00135971 0.123386
81.674 0.0013549 0.123044
81.8664 0.00135013 0.122702
82.0588 0.00134539 0.12236
82.2512 0.00134067 0.122018
82.4436 0.00133598 0.121677
82.636 0.00133132 0.121341
82.8284 0.00132668 0.121005
83.0208 0.00132207 0.120676
83.2132 0.00131749 0.12034
83.4056 0.00131293 0.12001
83.598 0.0013084 0.119687
83.7904 0.0013039 0.119357
83.9828 0.00129942 0.119034
84.1752 0.00129497 0.11871
84.3676 0.00129054 0.118387
84.56 0.00128614 0.118063
84.7524 0.00128177 0.117746
84.9448 0.00127741 0.117429
85.1372 0.00127309 0.117111
85.3296 0.00126878 0.1168
85.522 0.00126451 0.116489
85.7144 0.00126025 0.116177
85.9068 0.00125602 0.115866
86.0992 0.00125181 0.115561
86.2916 0.00124763 0.11525
86.484 0.00124347 0.114944
86.6764 0.00123933 0.114645
86.8688 0.00123522 0.11434
87.0612 0.00123112 0.114041
87.2536 0.00122705 0.113742
87.446 0.00122301 0.113443
87.6384 0.00121898 0.113144
87.8308 0.00121498 0.112851
88.0232 0.001211 0.112558
88.2156 0.00120704 0.112265
88.408 0.0012031 0.111972
88.6004 0.00119919 0.111685
88.7928 0.00119529 0.111392
88.9852 0.00119142 0.111105
89.1776 0.00118756 0.110825
89.37 0.00118373 0.110538
89.5624 0.00117992 0.110257
89.7548 0.00117613 0.10997
89.9472 0.00117236 0.109695
90.1396 0.0011686 0.109415
90.332 0.00116487 0.109134
90.5244 0.00116116 0.108859
90.7168 0.00115747 0.108585
90.9092 0.0011538 0.10831
91.1016 0.00115015 0.108035
91.294 0.00114651 0.107767
91.4864 0.0011429 0.107492
91.6788 0.0011393 0.107224
91.8712 0.00113573 0.106955
92.0636 0.00113217 0.106693
92.256 0.00112863 0.106424
92.4484 0.00112511 0.106161
92.6408 0.0011216 0.105899
92.8332 0.00111812 0.105637
93.0256 0.00111465 0.105374
93.218 0.0011112 0.105118
93.4104 0.00110777 0.104855
93.6028 0.00110436 0.104599
93.7952 0.00110096 0.104343
93.9876 0.00109759 0.104086
94.18 0.00109422 0.103836
94.3724 0.00109088 0.10358
94.5648 0.00108755 0.103329
94.7572 0.00108424 0.103079
94.9496 0.00108095 0.102829
95.142 0.00107767 0.102579
95.3344 0.00107441 0.102335
95.5268 0.00107117 0.10209
95.7192 0.00106794 0.10184
95.9116 0.00106473 0.101596
96.104 0.00106153 0.101358
96.2964 0.00105835 0.101114
96.4888 0.00105519 0.10087
96.6812 0.00105204 0.100632
96.8736 0.00104891 0.100394
97.066 0.00104579 0.100156
97.2584 0.00104269 0.0999176
97.4508 0.00103961 0.0996857
97.6432 0.00103654 0.0994476
97.8356 0.00103348 0.0992157
98.028 0.00103044 0.0989838
98.2204 0.00102741 0.0987518
98.4128 0.0010244 0.0985199
98.6052 0.00102141 0.098288
98.7976 0.00101842 0.0980621
98.99 0.00101546 0.0978302
99.1824 0.0010125 0.0976044
99.3748 0.00100956 0.0973785
99.5672 0.00100664 0.0971527
99.7596 0.00100373 0.0969269
99.952 0.00100083 0.0967072
100.144 0.000997951 0.0964813
100.337 0.000995082 0.0962616
100.529 0.000992227 0.0960419
100.722 0.000989386 0.0958221
100.914 0.000986558 0.0956024
101.106 0.000983744 0.0953827
101.299 0.000980943 0.0951691
101.491 0.000978155 0.0949493
101.684 0.000975381 0.0947357
101.876 0.000972619 0.0945221
102.068 0.000969871 0.0943085
102.261 0.000967135 0.0940948
102.453 0.000964412 0.0938873
102.646 0.000961703 0.0936737
102.838 0.000959005 0.0934662
103.03 0.000956321 0.0932526
103.223 0.000953648 0.093045
103.415 0.000950989 0.0928375
103.608 0.000948341 0.09263
103.8 0.000945706 0.0924286
103.992 0.000943083 0.0922211
104.185 0.000940472 0.0920197
104.377 0.000937874 0.0918121
104.57 0.000935287 0.0916107
104.762 0.000932712 0.0914093
104.954 0.000930149 0.0912079
105.147 0.000927597 0.0910065
105.339 0.000925057 0.0908112
105.532 0.000922529 0.0906097
105.724 0.000920012 0.0904144
105.916 0.000917507 0.090213
106.109 0.000915013 0.0900177
106.301 0.00091253 0.0898224
106.494 0.000910059 0.0896271
106.686 0.000907598 0.0894318
106.878 0.000905149 0.0892426
107.071 0.000902711 0.0890472
107.263 0.000900283 0.088858
107.456 0.000897867 0.0886688
107.648 0.000895461 0.0884735
107.84 0.000893066 0.0882843
108.033 0.000890682 0.0880951
108.225 0.000888308 0.087912
108.418 0.000885945 0.0877228
108.61 0.000883592 0.0875336
108.802 0.00088125 0.0873505
108.995 0.000878918 0.0871674
109.187 0.000876596 0.0869781
109.38 0.000874284 0.086795
109.572 0.000871983 0.0866119
109.764 0.000869692 0.0864288
109.957 0.00086741 0.0862518
110.149 0.000865139 0.0860687
110.342 0.000862878 0.0858856
110.534 0.000860626 0.0857086
110.726 0.000858384 0.0855316
110.919 0.000856152 0.0853485
111.111 0.000853929 0.0851715
111.304 0.000851717 0.0849945
111.496 0.000849513 0.0848175
111.688 0.000847319 0.0846466
111.881 0.000845135 0.0844696
112.073 0.00084296 0.0842926
112.266 0.000840794 0.0841217
112.458 0.000838638 0.0839447
112.65 0.000836491 0.0837738
112.843 0.000834353 0.0836029
113.035 0.000832224 0.083432
113.228 0.000830104 0.0832611
113.42 0.000827993 0.0830902
113.612 0.00082589 0.0829254
113.805 0.000823797 0.0827545
113.997 0.000821713 0.0825836
114.19 0.000819637 0.0824188
114.382 0.000817571 0.082254
114.574 0.000815512 0.0820831
114.767 0.000813463 0.0819183
114.959 0.000811422 0.0817535
115.152 0.00080939 0.0815887
115.344 0.000807366 0.081424
115.536 0.00080535 0.0812653
115.729 0.000803343 0.0811005
115.921 0.000801344 0.0809357
116.114 0.000799353 0.080777
116.306 0.000797371 0.0806183
116.498 0.000795397 0.0804535
116.691 0.000793431 0.0802948
116.883 0.000791473 0.0801361
117.076 0.000789523 0.0799774
117.268 0.000787581 0.0798187
117.46 0.000785647 0.07966
117.653 0.000783721 0.0795074
117.845 0.000781803 0.0793488
118.038 0.000779892 0.0791901
118.23 0.00077799 0.0790375
118.422 0.000776095 0.0788849
118.615 0.000774208 0.0787262
118.807 0.000772328 0.0785736
119 0.000770456 0.078421
119.192 0.000768592 0.0782684
119.384 0.000766735 0.0781158
119.577 0.000764885 0.0779633
119.769 0.000763043 0.0778168
119.962 0.000761209 0.0776642
120.154 0.000759381 0.0775116
120.346 0.000757561 0.0773651
120.539 0.000755749 0.0772125
120.731 0.000753943 0.077066
120.924 0.000752145 0.0769196
121.116 0.000750354 0.0767731
121.308 0.000748569 0.0766266
121.501 0.000746792 0.0764801
121.693 0.000745022 0.0763336
121.886 0.000743259 0.0761871
122.078 0.000741503 0.0760406
122.27 0.000739754 0.0758942
122.463 0.000738012 0.0757538
122.655 0.000736276 0.0756073
122.848 0.000734548 0.0754669
123.04 0.000732826 0.0753265
123.232 0.000731111 0.0751801
123.425 0.000729402 0.0750397
123.617 0.0007277 0.0748993
123.81 0.000726005 0.0747589
124.002 0.000724316 0.0746185
124.194 0.000722634 0.0744781
124.387 0.000720958 0.0743378
124.579 0.000719289 0.0742035
124.772 0.000717626 0.0740631
124.964 0.00071597 0.0739227
125.156 0.00071432 0.0737885
125.349 0.000712676 0.0736542
125.541 0.000711039 0.0735138
125.734 0.000709408 0.0733795
125.926 0.000707783 0.0732452
126.118 0.000706164 0.073111
126.311 0.000704551 0.0729767
126.503 0.000702945 0.0728424
126.696 0.000701345 0.0727081
126.888 0.00069975 0.0725739
127.08 0.000698162 0.0724396
127.273 0.00069658 0.0723053
127.465 0.000695004 0.0721771
127.658 0.000693433 0.0720428
127.85 0.000691869 0.0719147
128.042 0.00069031 0.0717804
128.235 0.000688758 0.0716522
128.427 0.000687211 0.071524
128.62 0.00068567 0.0713898
128.812 0.000684135 0.0712616
129.004 0.000682605 0.0711334
129.197 0.000681081 0.0710052
129.389 0.000679563 0.0708771
129.582 0.00067805 0.0707489
129.774 0.000676543 0.0706268
129.966 0.000675042 0.0704987
130.159 0.000673546 0.0703705
130.351 0.000672055 0.0702484
130.544 0.00067057 0.0701202
130.736 0.000669091 0.0699982
130.928 0.000667617 0.06987
131.121 0.000666148 0.0697479
131.313 0.000664685 0.0696259
131.506 0.000663227 0.0694977
131.698 0.000661775 0.0693756
131.89 0.000660327 0.0692535
132.083 0.000658885 0.0691315
132.275 0.000657449 0.0690094
132.468 0.000656017 0.0688873
132.66 0.000654591 0.0687653
132.852 0.00065317 0.0686493
133.045 0.000651754 0.0685272
133.237 0.000650343 0.0684052
133.43 0.000648937 0.0682892
133.622 0.000647536 0.0681671
133.814 0.00064614 0.0680511
134.007 0.00064475 0.0679291
134.199 0.000643364 0.0678131
134.392 0.000641983 0.0676971
134.584 0.000640607 0.0675812
134.776 0.000639236 0.0674591
134.969 0.00063787 0.0673431
135.161 0.000636509 0.0672272
135.354 0.000635153 0.0671112
135.546 0.000633801 0.0669952
135.738 0.000632454 0.0668793
135.931 0.000631112 0.0667694
136.123 0.000629775 0.0666534
136.316 0.000628442 0.0665375
136.508 0.000627115 0.0664276
136.7 0.000625791 0.0663116
136.893 0.000624473 0.0661957
137.085 0.000623159 0.0660858
137.278 0.00062185 0.065976
137.47 0.000620545 0.06586
137.662 0.000619245 0.0657501
137.855 0.000617949 0.0656403
138.047 0.000616658 0.0655243
138.24 0.000615371 0.0654144
138.432 0.000614089 0.0653046
138.624 0.000612811 0.0651947
138.817 0.000611538 0.0650848
139.009 0.000610269 0.064975
139.202 0.000609005 0.0648651
139.394 0.000607744 0.0647614
139.586 0.000606489 0.0646515
139.779 0.000605237 0.0645416
139.971 0.00060399 0.0644318
140.164 0.000602747 0.064328
140.356 0.000601509 0.0642181
140.548 0.000600274 0.0641144
140.741 0.000599044 0.0640045
140.933 0.000597818 0.0639008
141.126 0.000596596 0.063797
141.318 0.000595378 0.0636871
141.51 0.000594165 0.0635834
141.703 0.000592955 0.0634796
141.895 0.00059175 0.0633759
142.088 0.000590549 0.0632721
142.28 0.000589352 0.0631683
142.472 0.000588159 0.0630646
142.665 0.000586969 0.0629608
142.857 0.000585784 0.0628571
143.05 0.000584603 0.0627533
143.242 0.000583426 0.0626495
143.434 0.000582253 0.0625458
143.627 0.000581084 0.0624481
143.819 0.000579918 0.0623444
144.012 0.000578757 0.0622467
144.204 0.000577599 0.0621429
144.396 0.000576445 0.0620392
144.589 0.000575295 0.0619415
144.781 0.000574149 0.0618439
144.974 0.000573007 0.0617401
145.166 0.000571869 0.0616425
145.358 0.000570734 0.0615448
145.551 0.000569603 0.061441
145.743 0.000568475 0.0613434
145.936 0.000567352 0.0612457
146.128 0.000566232 0.0611481
146.32 0.000565116 0.0610504
146.513 0.000564003 0.0609528
146.705 0.000562894 0.0608551
146.898 0.000561789 0.0607574
147.09 0.000560688 0.0606598
147.282 0.00055959 0.0605682
147.475 0.000558495 0.0604706
147.667 0.000557404 0.0603729
147.86 0.000556317 0.0602753
148.052 0.000555233 0.0601837
148.244 0.000554153 0.0600861
148.437 0.000553076 0.0599945
148.629 0.000552003 0.0598969
148.822 0.000550933 0.0598053
149.014 0.000549867 0.0597076
149.206 0.000548804 0.0596161
149.399 0.000547744 0.0595245
149.591 0.000546688 0.0594269
149.784 0.000545635 0.0593353
149.976 0.000544586 0.0592438
150.168 0.00054354 0.0591522
150.361 0.000542497 0.0590607
150.553 0.000541458 0.058963
150.746 0.000540422 0.0588715
150.938 0.000539389 0.0587799
151.13 0.00053836 0.0586945
151.323 0.000537334 0.0586029
151.515 0.000536311 0.0585114
151.708 0.000535291 0.0584198
151.9 0.000534275 0.0583282
152.092 0.000533262 0.0582367
152.285 0.000532252 0.0581512
152.477 0.000531245 0.0580597
152.67 0.000530241 0.0579681
152.862 0.000529241 0.0578827
153.054 0.000528243 0.0577911
153.247 0.000527249 0.0577057
153.439 0.000526258 0.0576141
153.632 0.00052527 0.0575287
153.824 0.000524285 0.0574432
154.016 0.000523303 0.0573517
154.209 0.000522324 0.0572662
154.401 0.000521348 0.0571808
154.594 0.000520376 0.0570892
154.786 0.000519406 0.0570038
154.978 0.00051844 0.0569183
155.171 0.000517476 0.0568329
155.363 0.000516515 0.0567474
155.556 0.000515558 0.056662
155.748 0.000514603 0.0565765
155.94 0.000513651 0.0564911
156.133 0.000512702 0.0564056
156.325 0.000511756 0.0563202
156.518 0.000510813 0.0562347
156.71 0.000509873 0.0561493
156.902 0.000508935 0.0560699
157.095 0.000508001 0.0559845
157.287 0.00050707 0.055899
157.48 0.000506141 0.0558136
157.672 0.000505215 0.0557343
157.864 0.000504292 0.0556488
158.057 0.000503372 0.0555695
158.249 0.000502454 0.055484
158.442 0.00050154 0.0554047
158.634 0.000500628 0.0553192
158.826 0.000499718 0.0552399
159.019 0.000498812 0.0551544
159.211 0.000497909 0.0550751
159.404 0.000497007 0.0549957
159.596 0.000496109 0.0549103
159.788 0.000495214 0.0548309
159.981 0.000494321 0.0547516
160.173 0.000493431 0.0546722
160.366 0.000492543 0.0545929
160.558 0.000491659 0.0545135
160.75 0.000490777 0.0544281
160.943 0.000489897 0.0543488
161.135 0.00048902 0.0542694
161.328 0.000488146 0.0541901
161.52 0.000487274 0.0541168
161.712 0.000486405 0.0540375
161.905 0.000485538 0.0539581
162.097 0.000484675 0.0538788
162.29 0.000483813 0.0537994
162.482 0.000482954 0.0537201
162.674 0.000482098 0.0536469
162.867 0.000481244 0.0535675
163.059 0.000480393 0.0534882
163.252 0.000479544 0.0534149
163.444 0.000478698 0.0533356
163.636 0.000477854 0.0532562
163.829 0.000477013 0.053183
164.021 0.000476174 0.0531036
164.214 0.000475338 0.0530304
164.406 0.000474504 0.052951
164.598 0.000473673 0.0528778
164.791 0.000472843 0.0528046
164.983 0.000472017 0.0527252
165.176 0.000471193 0.052652
165.368 0.000470371 0.0525787
165.56 0.000469551 0.0524994
165.753 0.000468734 0.0524261
165.945 0.00046792 0.0523529
166.138 0.000467107 0.0522797
166.33 0.000466297 0.0522064
166.522 0.00046549 0.0521332
166.715 0.000464684 0.0520538
166.907 0.000463881 0.0519806
167.1 0.000463081 0.0519073
167.292 0.000462282 0.0518341
167.484 0.000461486 0.0517609
167.677 0.000460692 0.0516937
167.869 0.000459901 0.0516205
168.062 0.000459112 0.0515472
168.254 0.000458325 0.051474
168.446 0.00045754 0.0514008
168.639 0.000456757 0.0513275
168.831 0.000455977 0.0512604
169.024 0.000455199 0.0511871
169.216 0.000454423 0.0511139
169.408 0.000453649 0.0510406
169.601 0.000452878 0.0509735
169.793 0.000452109 0.0509003
169.986 0.000451341 0.0508331
170.178 0.000450576 0.0507599
170.37 0.000449814 0.0506927
170.563 0.000449053 0.0506195
170.755 0.000448294 0.0505524
170.948 0.000447538 0.0504791
171.14 0.000446784 0.050412
171.332 0.000446032 0.0503387
171.525 0.000445282 0.0502716
171.717 0.000444534 0.0502045
171.91 0.000443788 0.0501312
172.102 0.000443044 0.0500641
172.294 0.000442303 0.0499969
172.487 0.000441563 0.0499298
172.679 0.000440826 0.0498627
172.872 0.00044009 0.0497894
173.064 0.000439357 0.0497223
173.256 0.000438625 0.0496552
173.449 0.000437896 0.049588
173.641 0.000437169 0.0495209
173.834 0.000436443 0.0494537
174.026 0.00043572 0.0493866
174.218 0.000434998 0.0493195
174.411 0.000434279 0.0492523
174.603 0.000433562 0.0491852
174.796 0.000432846 0.049118
174.988 0.000432133 0.0490509
175.18 0.000431421 0.0489899
175.373 0.000430712 0.0489227
175.565 0.000430004 0.0488556
175.758 0.000429299 0.0487885
175.95 0.000428595 0.0487213
176.142 0.000427893 0.0486603
176.335 0.000427193 0.0485931
176.527 0.000426495 0.048526
176.72 0.000425799 0.048465
176.912 0.000425105 0.0483978
177.104 0.000424413 0.0483307
177.297 0.000423722 0.0482697
177.489 0.000423034 0.0482025
177.682 0.000422347 0.0481415
177.874 0.000421662 0.0480743
178.066 0.000420979 0.0480133
178.259 0.000420298 0.0479462
178.451 0.000419619 0.0478851
178.644 0.000418942 0.0478241
178.836 0.000418266 0.047757
179.028 0.000417592 0.0476959
179.221 0.00041692 0.0476349
179.413 0.00041625 0.0475677
179.606 0.000415581 0.0475067
179.798 0.000414915 0.0474457
179.99 0.00041425 0.0473846
180.183 0.000413587 0.0473175
180.375 0.000412925 0.0472565
180.568 0.000412266 0.0471954
180.76 0.000411608 0.0471344
180.952 0.000410952 0.0470734
181.145 0.000410298 0.0470123
181.337 0.000409645 0.0469513
181.53 0.000408994 0.0468903
181.722 0.000408345 0.0468292
181.914 0.000407698 0.0467682
182.107 0.000407052 0.0467072
182.299 0.000406408 0.0466461
182.492 0.000405766 0.0465851
182.684 0.000405125 0.046524
182.876 0.000404486 0.046463
183.069 0.000403849 0.046402
183.261 0.000403213 0.0463409
183.454 0.00040258 0.046286
183.646 0.000401947 0.046225
183.838 0.000401317 0.0461639
184.031 0.000400688 0.0461029
184.223 0.00040006 0.046048
184.416 0.000399435 0.0459869
184.608 0.000398811 0.0459259
184.8 0.000398188 0.045871
184.993 0.000397568 0.0458099
185.185 0.000396948 0.0457489
185.378 0.000396331 0.045694
185.57 0.000395715 0.0456329
185.762 0.0003951 0.045578
185.955 0.000394488 0.045517
186.147 0.000393876 0.045462
186.34 0.000393267 0.045401
186.532 0.000392659 0.0453461
186.724 0.000392052 0.045285
186.917 0.000391447 0.0452301
187.109 0.000390844 0.0451691
187.302 0.000390242 0.0451141
187.494 0.000389642 0.0450592
187.686 0.000389043 0.0449982
187.879 0.000388446 0.0449432
188.071 0.00038785 0.0448883
188.264 0.000387256 0.0448273
188.456 0.000386663 0.0447723
188.648 0.000386072 0.0447174
188.841 0.000385483 0.0446625
189.033 0.000384894 0.0446075
189.226 0.000384308 0.0445465
189.418 0.000383723 0.0444916
189.61 0.000383139 0.0444366
189.803 0.000382557 0.0443817
189.995 0.000381976 0.0443268
190.188 0.000381397 0.0442719
190.38 0.000380819 0.0442169
190.572 0.000380243 0.044162
190.765 0.000379668 0.0441071
190.957 0.000379094 0.0440521
191.15 0.000378522 0.0439972
191.342 0.000377952 0.0439423
191.534 0.000377383 0.0438873
191.727 0.000376815 0.0438324
191.919 0.000376249 0.0437775
192.112 0.000375684 0.0437225
192.304 0.00037512 0.0436676
192.496 0.000374558 0.0436188
192.689 0.000373998 0.0435638
192.881 0.000373439 0.0435089
193.074 0.000372881 0.043454
193.266 0.000372324 0.043399
193.458 0.000371769 0.0433502
193.651 0.000371216 0.0432953
193.843 0.000370663 0.0432404
194.036 0.000370112 0.0431915
194.228 0.000369563 0.0431366
194.42 0.000369015 0.0430817
194.613 0.000368468 0.0430328
194.805 0.000367922 0.0429779
194.998 0.000367378 0.042923
195.19 0.000366835 0.0428741
195.382 0.000366294 0.0428192
195.575 0.000365754 0.0427704
195.767 0.000365215 0.0427155
195.96 0.000364677 0.0426666
196.152 0.000364141 0.0426117
196.344 0.000363606 0.0425629
196.537 0.000363073 0.0425079
196.729 0.00036254 0.0424591
196.922 0.000362009 0.0424103
197.114 0.00036148 0.0423553
197.306 0.000360951 0.0423065
197.499 0.000360424 0.0422516
197.691 0.000359898 0.0422028
197.884 0.000359374 0.0421539
198.076 0.00035885 0.0421051
198.268 0.000358329 0.0420502
198.461 0.000357808 0.0420013
198.653 0.000357288 0.0419525
198.846 0.00035677 0.0419037
199.038 0.000356253 0.0418488
199.23 0.000355737 0.0417999
199.423 0.000355223 0.0417511
199.615 0.00035471 0.0417023
199.808 0.000354198 0.0416534
200 0.000353687 0.0416046
