7.6 -0.048991 0.824356
7.7924 -0.0471545 0.793094
7.9848 -0.0454312 0.763565
8.1772 -0.0438115 0.735641
8.3696 -0.0422869 0.709207
8.562 -0.0408498 0.684141
8.7544 -0.0394933 0.66036
8.9468 -0.0382112 0.637758
9.1392 -0.036998 0.616268
9.3316 -0.0358485 0.595811
9.524 -0.0347583 0.576311
9.7164 -0.0337231 0.557716
9.9088 -0.0327391 0.539955
10.1012 -0.0318028 0.52299
10.2936 -0.0309112 0.506776
10.486 -0.0300612 0.491245
10.6784 -0.0292502 0.476376
10.8708 -0.0284759 0.462124
11.0632 -0.0277358 0.44846
11.2556 -0.0270279 0.435337
11.448 -0.0263504 0.422741
11.6404 -0.0257014 0.410625
11.8328 -0.0250793 0.398984
12.0252 -0.0244826 0.387778
12.2176 -0.0239098 0.376987
12.41 -0.0233597 0.366592
12.6024 -0.022831 0.35657
12.7948 -0.0223226 0.346909
12.9872 -0.0218334 0.337589
13.1796 -0.0213625 0.328586
13.372 -0.0209088 0.319894
13.5644 -0.0204716 0.31149
13.7568 -0.02005 0.303372
13.9492 -0.0196434 0.295509
14.1416 -0.0192508 0.28791
14.334 -0.0188717 0.28055
14.5264 -0.0185055 0.273427
14.7188 -0.0181515 0.266515
14.9112 -0.0178093 0.259822
15.1036 -0.0174782 0.253331
15.296 -0.0171578 0.247041
15.4884 -0.0168477 0.240926
15.6808 -0.0165473 0.234993
15.8732 -0.0162562 0.229234
16.0656 -0.0159742 0.22364
16.258 -0.0157007 0.218202
16.4504 -0.0154354 0.21292
16.6428 -0.0151781 0.207774
16.8352 -0.0149283 0.202776
17.0276 -0.0146859 0.197916
17.22 -0.0144504 0.193179
17.4124 -0.0142216 0.188565
17.6048 -0.0139994 0.184073
17.7972 -0.0137833 0.179697
17.9896 -0.0135732 0.175436
18.182 -0.0133689 0.17128
18.3744 -0.0131701 0.167227
18.5668 -0.0129767 0.163272
18.7592 -0.0127885 0.159415
18.9516 -0.0126052 0.155649
19.144 -0.0124268 0.151974
19.3364 -0.0122529 0.148386
19.5288 -0.0120835 0.144882
19.7212 -0.0119185 0.141452
19.9136 -0.0117576 0.138107
20.106 -0.0116007 0.134836
20.2984 -0.0114478 0.131638
20.4908 -0.0112986 0.128513
20.6832 -0.0111531 0.125449
20.8756 -0.011011 0.122458
21.068 -0.0108724 0.119528
21.2604 -0.0107371 0.11666
21.4528 -0.010605 0.113846
21.6452 -0.010476 0.111093
21.8376 -0.01035 0.108401
22.03 -0.0102269 0.105759
22.2224 -0.0101067 0.103171
22.4148 -0.00998916 0.100632
22.6072 -0.00987431 0.0981415
22.7996 -0.00976202 0.095694
22.992 -0.00965221 0.0933014
23.1844 -0.00954489 0.0909454
23.3768 -0.00943988 0.0886383
23.5692 -0.00933721 0.0863678
23.7616 -0.00923679 0.08414
23.954 -0.00913846 0.0819489
24.1464 -0.00904223 0.0798004
24.3388 -0.00894815 0.0776825
24.5312 -0.00885594 0.0756012
24.7236 -0.00876575 0.0735565
24.916 -0.0086774 0.0715424
25.1084 -0.00859084 0.0695587
25.3008 -0.00850611 0.0676056
25.4932 -0.00842317 0.065683
25.6856 -0.00834183 0.0637848
25.878 -0.00826216 0.0619171
26.0704 -0.0081841 0.0600739
26.2628 -0.00810761 0.058255
26.4552 -0.00803263 0.0564606
26.6476 -0.00795911 0.0546906
26.84 -0.00788713 0.0529388
27.0324 -0.00781639 0.0512115
27.2248 -0.00774722 0.0494965
27.4172 -0.0076792 0.0478058
27.6096 -0.00761265 0.0461273
27.802 -0.00754728 0.0444672
27.9944 -0.00748317 0.0428192
28.1868 -0.00742027 0.0411835
28.3792 -0.00735855 0.0395599
28.5716 -0.00729796 0.0379486
28.764 -0.00723856 0.0363373
28.9564 -0.00718021 0.0347382
29.1488 -0.00712296 0.033139
29.3412 -0.00706677 0.0315399
29.5336 -0.0070116 0.0299408
29.726 -0.00695737 0.0283356
29.9184 -0.00690415 0.0267242
30.1108 -0.006852 0.0250946
30.3032 -0.0068006 0.0234528
30.4956 -0.00675022 0.0217804
30.688 -0.00670074 0.0200714
30.8804 -0.00665214 0.0183136
31.0728 -0.00660435 0.0164948
31.2652 -0.00655746 0.0145782
31.4576 -0.00651138 0.0125336
31.65 -0.00646608 0.0102753
31.8424 -0.00642155 0.00763855
32.0348 -0.00637779 0.00397644
