7.6 -0.0551124 3.05176e-06
7.7924 -0.0530839 3.05176e-06
7.9848 -0.044321 1.5091
8.1772 -0.042766 1.46407
8.3696 -0.0412999 1.42172
8.562 -0.0399157 1.38176
8.7544 -0.0386071 1.34399
8.9468 -0.0373685 1.30819
9.1392 -0.0361948 1.27421
9.3316 -0.0350812 1.2419
9.524 -0.0340236 1.21115
9.7164 -0.033018 1.18182
9.9088 -0.0320611 1.15383
10.1012 -0.0311495 1.12706
10.2936 -0.0302803 1.10146
10.486 -0.0294507 1.07693
10.6784 -0.0286584 1.05341
10.8708 -0.027901 1.03084
11.0632 -0.0271764 1.00917
11.2556 -0.0264826 0.988323
11.448 -0.0258178 0.968281
11.6404 -0.0251804 0.948978
11.8328 -0.0245688 0.930378
12.0252 -0.0239815 0.912449
12.2176 -0.0234173 0.895149
12.41 -0.0228748 0.87845
12.6024 -0.022353 0.86232
12.7948 -0.0218508 0.846733
12.9872 -0.021367 0.831655
13.1796 -0.0209009 0.817064
13.372 -0.0204514 0.802946
13.5644 -0.0200179 0.789267
13.7568 -0.0195994 0.77601
13.9492 -0.0191954 0.763156
14.1416 -0.018805 0.750693
14.334 -0.0184277 0.738596
14.5264 -0.0180628 0.726859
14.7188 -0.0177098 0.715451
14.9112 -0.0173682 0.704373
15.1036 -0.0170374 0.693605
15.296 -0.016717 0.683132
15.4884 -0.0164065 0.672947
15.6808 -0.0161054 0.663035
15.8732 -0.0158135 0.65339
16.0656 -0.0155303 0.643996
16.258 -0.0152555 0.634848
16.4504 -0.0149887 0.625934
16.6428 -0.0147295 0.617245
16.8352 -0.0144778 0.608775
17.0276 -0.0142331 0.600513
17.22 -0.0139952 0.592451
17.4124 -0.0137639 0.584587
17.6048 -0.0135389 0.576915
17.7972 -0.01332 0.569417
17.9896 -0.0131069 0.562102
18.182 -0.0128994 0.554951
18.3744 -0.0126974 0.547966
18.5668 -0.0125005 0.541136
18.7592 -0.0123087 0.534462
18.9516 -0.0121218 0.527934
19.144 -0.0119395 0.521553
19.3364 -0.0117618 0.515309
19.5288 -0.0115884 0.509203
19.7212 -0.0114193 0.503215
19.9136 -0.0112542 0.497364
20.106 -0.0110931 0.491634
20.2984 -0.0109357 0.486019
20.4908 -0.0107821 0.480526
20.6832 -0.010632 0.475132
20.8756 -0.0104854 0.46986
21.068 -0.0103421 0.464687
21.2604 -0.010202 0.459614
21.4528 -0.0100651 0.454639
21.6452 -0.00993124 0.449764
21.8376 -0.0098003 0.444988
22.03 -0.00967221 0.440296
22.2224 -0.00954689 0.435696
22.4148 -0.00942425 0.431179
22.6072 -0.00930421 0.426746
22.7996 -0.0091867 0.422398
22.992 -0.00907165 0.418125
23.1844 -0.00895897 0.413929
23.3768 -0.00884862 0.409809
23.5692 -0.0087405 0.405766
23.7616 -0.00863458 0.401791
23.954 -0.00853077 0.397885
24.1464 -0.00842903 0.394052
24.3388 -0.00832929 0.39028
24.5312 -0.00823151 0.386575
24.7236 -0.00813563 0.382932
24.916 -0.00804159 0.379349
25.1084 -0.00794935 0.375827
25.3008 -0.00785886 0.37236
25.4932 -0.00777008 0.368954
25.6856 -0.00768295 0.365604
25.878 -0.00759745 0.362308
26.0704 -0.00751351 0.359067
26.2628 -0.00743111 0.355875
26.4552 -0.00735021 0.352731
26.6476 -0.00727076 0.349637
26.84 -0.00719274 0.346597
27.0324 -0.0071161 0.3436
27.2248 -0.00704081 0.340646
27.4172 -0.00696684 0.337741
27.6096 -0.00689416 0.334885
27.802 -0.00682273 0.332065
27.9944 -0.00675253 0.329288
28.1868 -0.00668353 0.326553
28.3792 -0.00661569 0.323862
28.5716 -0.00654899 0.321207
28.764 -0.0064834 0.318588
28.9564 -0.00641891 0.316013
29.1488 -0.00635547 0.313467
29.3412 -0.00629308 0.310965
29.5336 -0.0062317 0.308499
29.726 -0.00617131 0.306064
29.9184 -0.00611189 0.303659
30.1108 -0.00605341 0.301297
30.3032 -0.00599587 0.298961
30.4956 -0.00593923 0.296663
30.688 -0.00588347 0.294392
30.8804 -0.00582859 0.292149
31.0728 -0.00577455 0.289943
31.2652 -0.00572134 0.287764
31.4576 -0.00566894 0.285612
31.65 -0.00561734 0.283488
31.8424 -0.00556652 0.281392
32.0348 -0.00551646 0.279323
32.2272 -0.00546715 0.27729
32.4196 -0.00541856 0.275276
32.612 -0.00537069 0.273289
32.8044 -0.00532353 0.271321
32.9968 -0.00527705 0.269389
33.1892 -0.00523124 0.267476
33.3816 -0.00518609 0.265581
33.574 -0.00514159 0.263722
33.7664 -0.00509772 0.261882
33.9588 -0.00505447 0.26006
34.1512 -0.00501183 0.258266
34.3436 -0.00496978 0.25649
34.536 -0.00492832 0.254732
34.7284 -0.00488744 0.253001
34.9208 -0.00484711 0.251289
35.1132 -0.00480734 0.249596
35.3056 -0.00476811 0.247929
35.498 -0.00472941 0.246281
35.6904 -0.00469123 0.244643
35.8828 -0.00465356 0.243031
36.0752 -0.00461639 0.241438
36.2676 -0.00457972 0.239864
36.46 -0.00454353 0.238307
36.6524 -0.00450781 0.236769
36.8448 -0.00447256 0.235249
37.0372 -0.00443776 0.233739
37.2296 -0.00440342 0.232256
37.422 -0.00436952 0.230782
37.6144 -0.00433604 0.229335
37.8068 -0.004303 0.227888
37.9992 -0.00427037 0.226469
38.1916 -0.00423815 0.22506
38.384 -0.00420634 0.223668
38.5764 -0.00417492 0.222295
38.7688 -0.00414389 0.22093
38.9612 -0.00411325 0.219585
39.1536 -0.00408298 0.218257
39.346 -0.00405307 0.216939
39.5384 -0.00402354 0.21563
39.7308 -0.00399436 0.214348
39.9232 -0.00396553 0.213066
40.1156 -0.00393704 0.211803
40.308 -0.0039089 0.210558
40.5004 -0.00388109 0.209322
40.6928 -0.00385361 0.208095
40.8852 -0.00382645 0.206877
41.0776 -0.00379961 0.205678
41.27 -0.00377308 0.204497
41.4624 -0.00374686 0.203316
41.6548 -0.00372094 0.202153
41.8472 -0.00369532 0.201009
42.0396 -0.00366999 0.199863
42.232 -0.00364495 0.19874
42.4244 -0.00362019 0.197617
42.6168 -0.00359571 0.196512
42.8092 -0.00357151 0.195419
43.0016 -0.00354758 0.194333
43.194 -0.00352391 0.193259
43.3864 -0.00350051 0.192197
43.5788 -0.00347736 0.191141
43.7712 -0.00345447 0.190097
43.9636 -0.00343183 0.189066
44.156 -0.00340943 0.18804
44.3484 -0.00338728 0.187027
44.5408 -0.00336537 0.18602
44.7332 -0.00334369 0.185025
44.9256 -0.00332224 0.184042
45.118 -0.00330102 0.183066
45.3104 -0.00328003 0.182095
45.5028 -0.00325926 0.181137
45.6952 -0.00323871 0.180191
45.8876 -0.00321837 0.179251
46.08 -0.00319824 0.178317
46.2724 -0.00317833 0.177396
46.4648 -0.00315861 0.17648
46.6572 -0.00313911 0.175571
46.8496 -0.0031198 0.174673
47.042 -0.00310069 0.173782
47.2344 -0.00308177 0.172897
47.4268 -0.00306305 0.172025
47.6192 -0.00304451 0.171158
47.8116 -0.00302616 0.170297
48.004 -0.003008 0.169443
48.1964 -0.00299002 0.1686
48.3888 -0.00297221 0.167758
48.5812 -0.00295458 0.166928
48.7736 -0.00293712 0.16611
48.966 -0.00291984 0.165292
