7.6 0.0466043 1.51437
7.7924 0.0449284 1.46627
7.9848 0.0433502 1.42075
8.1772 0.0418619 1.3776
8.3696 0.0404565 1.33667
8.562 0.0391276 1.29777
8.7544 0.0378697 1.26079
8.9468 0.0366775 1.22557
9.1392 0.0355463 1.192
9.3316 0.034472 1.15999
9.524 0.0334504 1.12941
9.7164 0.0324782 1.10018
9.9088 0.0315521 1.07222
10.1012 0.030669 1.04545
10.2936 0.0298262 1.01979
10.486 0.0290212 0.99519
10.6784 0.0282517 0.971577
10.8708 0.0275155 0.948902
11.0632 0.0268106 0.927105
11.2556 0.0261353 0.906147
11.448 0.0254878 0.885975
11.6404 0.0248665 0.86655
11.8328 0.02427 0.847832
12.0252 0.0236969 0.829787
12.2176 0.023146 0.812381
12.41 0.022616 0.795578
12.6024 0.022106 0.779355
12.7948 0.0216147 0.763675
12.9872 0.0211414 0.74852
13.1796 0.0206851 0.733859
13.372 0.0202449 0.719675
13.5644 0.0198201 0.705942
13.7568 0.0194099 0.692643
13.9492 0.0190137 0.679757
14.1416 0.0186307 0.667265
14.334 0.0182604 0.655153
14.5264 0.0179022 0.643398
14.7188 0.0175556 0.63199
14.9112 0.0172199 0.620919
15.1036 0.0168948 0.610163
15.296 0.0165798 0.599712
15.4884 0.0162745 0.589549
15.6808 0.0159784 0.57968
15.8732 0.0156912 0.570076
16.0656 0.0154125 0.560728
16.258 0.0151419 0.551628
16.4504 0.0148791 0.542775
16.6428 0.0146238 0.534151
16.8352 0.0143758 0.525755
17.0276 0.0141347 0.51757
17.22 0.0139002 0.509587
17.4124 0.0136722 0.501805
17.6048 0.0134503 0.494221
17.7972 0.0132343 0.48682
17.9896 0.0130241 0.479603
18.182 0.0128194 0.472553
18.3744 0.0126199 0.465679
18.5668 0.0124256 0.458958
18.7592 0.0122363 0.452396
18.9516 0.0120516 0.445988
19.144 0.0118716 0.439724
19.3364 0.011696 0.433605
19.5288 0.0115247 0.427616
19.7212 0.0113576 0.421764
19.9136 0.0111944 0.416042
20.106 0.0110352 0.410442
20.2984 0.0108796 0.404964
20.4908 0.0107277 0.399606
20.6832 0.0105793 0.394357
20.8756 0.0104343 0.389224
21.068 0.0102925 0.384195
21.2604 0.010154 0.379269
21.4528 0.0100185 0.374442
21.6452 0.00988599 0.369717
21.8376 0.0097564 0.365085
22.03 0.00962962 0.360544
22.2224 0.00950556 0.356094
22.4148 0.00938415 0.35173
22.6072 0.0092653 0.347452
22.7996 0.00914894 0.343259
22.992 0.00903499 0.339145
23.1844 0.0089234 0.335104
23.3768 0.00881408 0.331149
23.5692 0.00870699 0.327261
23.7616 0.00860204 0.323447
23.954 0.00849919 0.319699
24.1464 0.00839838 0.316025
24.3388 0.00829955 0.312418
24.5312 0.00820264 0.308871
24.7236 0.00810761 0.305386
24.916 0.0080144 0.301968
25.1084 0.00792296 0.298613
25.3008 0.00783326 0.295308
25.4932 0.00774523 0.292067
25.6856 0.00765885 0.288881
25.878 0.00757406 0.285741
26.0704 0.00749083 0.282664
26.2628 0.00740912 0.279634
26.4552 0.00732888 0.276659
26.6476 0.00725009 0.273729
26.84 0.0071727 0.270845
27.0324 0.00709668 0.268016
27.2248 0.00702199 0.265233
27.4172 0.00694861 0.262486
27.6096 0.00687651 0.259785
27.802 0.00680565 0.25713
27.9944 0.00673599 0.254521
28.1868 0.00666752 0.251949
28.3792 0.00660021 0.249422
28.5716 0.00653402 0.246931
28.764 0.00646894 0.244478
28.9564 0.00640493 0.242061
29.1488 0.00634198 0.23968
29.3412 0.00628005 0.237337
29.5336 0.00621913 0.23503
29.726 0.00615919 0.23275
29.9184 0.0061002 0.230516
30.1108 0.00604217 0.22831
30.3032 0.00598504 0.226131
30.4956 0.00592882 0.223988
30.688 0.00587347 0.221883
30.8804 0.00581898 0.219795
31.0728 0.00576533 0.217744
31.2652 0.00571251 0.215721
31.4576 0.00566049 0.213734
31.65 0.00560926 0.211766
31.8424 0.0055588 0.209825
32.0348 0.00550909 0.207921
32.2272 0.00546013 0.206035
32.4196 0.00541189 0.204176
32.612 0.00536436 0.202345
32.8044 0.00531752 0.200533
32.9968 0.00527137 0.198752
33.1892 0.00522588 0.196994
33.3816 0.00518105 0.195255
33.574 0.00513685 0.193546
33.7664 0.00509329 0.191855
33.9588 0.00505034 0.190182
34.1512 0.005008 0.188541
34.3436 0.00496625 0.186911
34.536 0.00492507 0.185312
34.7284 0.00488447 0.183725
34.9208 0.00484442 0.182162
35.1132 0.00480492 0.180624
35.3056 0.00476596 0.179099
35.498 0.00472753 0.177597
35.6904 0.00468962 0.176108
35.8828 0.00465221 0.174643
36.0752 0.00461529 0.173196
36.2676 0.00457887 0.171762
36.46 0.00454293 0.170352
36.6524 0.00450746 0.168954
36.8448 0.00447245 0.167575
37.0372 0.0044379 0.166214
37.2296 0.00440379 0.164871
37.422 0.00437012 0.163541
37.6144 0.00433688 0.162228
37.8068 0.00430406 0.160928
37.9992 0.00427166 0.159647
38.1916 0.00423967 0.158377
38.384 0.00420808 0.157126
38.5764 0.00417688 0.155887
38.7688 0.00414606 0.154666
38.9612 0.00411563 0.153458
39.1536 0.00408557 0.152261
39.346 0.00405588 0.151077
39.5384 0.00402655 0.149911
39.7308 0.00399758 0.148752
39.9232 0.00396895 0.14761
40.1156 0.00394067 0.146481
40.308 0.00391272 0.145364
40.5004 0.00388511 0.14426
40.6928 0.00385782 0.143167
40.8852 0.00383086 0.142087
41.0776 0.00380421 0.141019
41.27 0.00377788 0.139963
41.4624 0.00375184 0.138919
41.6548 0.00372611 0.137888
41.8472 0.00370068 0.136862
42.0396 0.00367553 0.135849
42.232 0.00365067 0.134848
42.4244 0.0036261 0.133859
42.6168 0.0036018 0.132877
42.8092 0.00357777 0.131912
43.0016 0.00355402 0.130954
43.194 0.00353053 0.130002
43.3864 0.0035073 0.129062
43.5788 0.00348433 0.128134
43.7712 0.00346161 0.127213
43.9636 0.00343914 0.126303
44.156 0.00341691 0.1254
44.3484 0.00339493 0.124509
44.5408 0.00337318 0.12363
44.7332 0.00335167 0.122751
44.9256 0.00333039 0.12189
45.118 0.00330934 0.12103
45.3104 0.0032885 0.120181
45.5028 0.0032679 0.119345
45.6952 0.00324751 0.118515
45.8876 0.00322733 0.117691
46.08 0.00320736 0.116873
46.2724 0.0031876 0.116068
46.4648 0.00316806 0.115268
46.6572 0.0031487 0.114481
46.8496 0.00312955 0.113693
47.042 0.00311059 0.112918
47.2344 0.00309183 0.112149
47.4268 0.00307327 0.111386
47.6192 0.00305488 0.110635
47.8116 0.00303668 0.109891
48.004 0.00301867 0.109146
48.1964 0.00300084 0.108414
48.3888 0.00298319 0.107687
48.5812 0.0029657 0.106973
48.7736 0.0029484 0.106259
48.966 0.00293127 0.105551
49.1584 0.0029143 0.104855
49.3508 0.0028975 0.10416
49.5432 0.00288086 0.103476
49.7356 0.00286439 0.102792
49.928 0.00284807 0.102121
50.1204 0.00283191 0.10145
50.3128 0.00281591 0.10079
50.5052 0.00280005 0.100137
50.6976 0.00278436 0.0994843
50.89 0.0027688 0.0988434
51.0824 0.0027534 0.0982025
51.2748 0.00273815 0.0975677
51.4672 0.00272303 0.0969452
51.6596 0.00270806 0.0963226
51.852 0.00269322 0.0957062
52.0444 0.00267852 0.0950958
52.2368 0.00266397 0.0944916
52.4292 0.00264954 0.0938873
52.6216 0.00263525 0.0932953
52.814 0.00262109 0.0927032
53.0064 0.00260706 0.0921173
53.1988 0.00259316 0.0915375
53.3912 0.00257938 0.0909637
53.5836 0.00256572 0.0903961
53.776 0.0025522 0.0898285
53.9684 0.00253879 0.089267
54.1608 0.00252549 0.0887115
54.3532 0.00251232 0.0881622
54.5456 0.00249927 0.087619
54.738 0.00248633 0.0870758
54.9304 0.0024735 0.0865387
55.1228 0.00246079 0.0860077
55.3152 0.00244819 0.0854767
55.5076 0.0024357 0.0849518
55.7 0.00242332 0.084433
55.8924 0.00241105 0.0839203
56.0848 0.00239888 0.0834076
56.2772 0.00238681 0.082901
56.4696 0.00237486 0.0823944
56.662 0.00236299 0.0819
56.8544 0.00235124 0.0814056
57.0468 0.00233958 0.0809113
57.2392 0.00232803 0.080423
57.4316 0.00231657 0.0799408
57.624 0.00230521 0.0794647
57.8164 0.00229394 0.0789886
58.0088 0.00228276 0.0785187
58.2012 0.00227168 0.0780487
58.3936 0.0022607 0.0775848
58.586 0.0022498 0.077121
58.7784 0.00223899 0.0766632
58.9708 0.00222827 0.0762115
59.1632 0.00221764 0.0757599
59.3556 0.0022071 0.0753143
59.548 0.00219664 0.0748749
59.7404 0.00218627 0.0744354
59.9328 0.00217599 0.073996
60.1252 0.00216577 0.0735626
60.3176 0.00215565 0.0731354
60.51 0.00214561 0.0727081
60.7024 0.00213565 0.072287
60.8948 0.00212576 0.0718658
61.0872 0.00211597 0.0714447
61.2796 0.00210624 0.0710358
61.472 0.00209659 0.0706207
61.6644 0.00208702 0.0702179
61.8568 0.00207753 0.069809
62.0492 0.00206811 0.0694061
62.2416 0.00205875 0.0690094
62.434 0.00204949 0.0686127
62.6264 0.00204028 0.068222
62.8188 0.00203115 0.0678314
63.0112 0.00202208 0.0674469
63.2036 0.0020131 0.0670624
63.396 0.00200417 0.0666779
63.5884 0.00199531 0.0662994
63.7808 0.00198653 0.065921
63.9732 0.00197782 0.0655487
64.1656 0.00196916 0.0651825
64.358 0.00196057 0.0648102
64.5504 0.00195205 0.064444
64.7428 0.00194359 0.0640839
64.9352 0.00193519 0.0637238
65.1276 0.00192687 0.0633636
65.32 0.0019186 0.0630096
65.5124 0.00191039 0.0626556
65.7048 0.00190223 0.0623077
65.8972 0.00189415 0.0619598
66.0896 0.00188612 0.0616119
66.282 0.00187815 0.0612701
66.4744 0.00187024 0.0609283
66.6668 0.0018624 0.0605927
66.8592 0.00185459 0.060257
67.0516 0.00184687 0.0599213
67.244 0.00183918 0.0595917
67.4364 0.00183156 0.0592621
67.6288 0.00182398 0.0589386
67.8212 0.00181647 0.058609
68.0136 0.001809 0.0582916
68.206 0.0018016 0.0579681
68.3984 0.00179425 0.0576508
68.5908 0.00178695 0.0573334
68.7832 0.00177968 0.0570221
68.9756 0.00177249 0.0567108
69.168 0.00176533 0.0563995
69.3604 0.00175823 0.0560944
69.5528 0.00175118 0.0557892
69.7452 0.00174419 0.055484
69.9376 0.00173724 0.0551849
70.13 0.00173035 0.0548798
70.3224 0.00172349 0.0545868
70.5148 0.00171668 0.0542877
70.7072 0.00170992 0.0539948
70.8996 0.00170321 0.0537018
71.092 0.00169655 0.0534149
71.2844 0.00168992 0.0531281
71.4768 0.00168335 0.0528412
71.6692 0.00167682 0.0525543
71.8616 0.00167033 0.0522736
72.054 0.00166389 0.0519928
72.2464 0.0016575 0.051712
72.4388 0.00165115 0.0514374
72.6312 0.00164483 0.0511627
72.8236 0.00163857 0.0508881
73.016 0.00163234 0.0506134
73.2084 0.00162615 0.0503448
73.4008 0.00162001 0.0500763
73.5932 0.00161391 0.0498077
73.7856 0.00160785 0.0495453
73.978 0.00160182 0.0492828
74.1704 0.00159585 0.0490204
74.3628 0.0015899 0.0487579
74.5552 0.001584 0.0485016
74.7476 0.00157813 0.0482452
74.94 0.00157231 0.0479889
75.1324 0.00156653 0.0477325
75.3248 0.00156078 0.0474823
75.5172 0.00155506 0.0472321
75.7096 0.0015494 0.0469818
75.902 0.00154375 0.0467316
76.0944 0.00153815 0.0464874
76.2868 0.00153258 0.0462433
76.4792 0.00152705 0.0459991
76.6716 0.00152157 0.045755
76.864 0.00151611 0.045517
77.0564 0.00151068 0.0452789
77.2488 0.0015053 0.0450409
77.4412 0.00149994 0.0448029
77.6336 0.00149461 0.0445709
77.826 0.00148932 0.044339
78.0184 0.00148407 0.0441071
78.2108 0.00147885 0.0438751
78.4032 0.00147367 0.0436432
78.5956 0.00146852 0.0434174
78.788 0.00146338 0.0431915
78.9804 0.00145831 0.0429657
79.1728 0.00145324 0.0427399
79.3652 0.00144821 0.0425201
79.5576 0.00144321 0.0423004
79.75 0.00143824 0.0420807
79.9424 0.00143331 0.041861
80.1348 0.00142841 0.0416412
80.3272 0.00142354 0.0414276
80.5196 0.00141871 0.0412079
80.712 0.00141388 0.0409943
80.9044 0.00140908 0.0407867
81.0968 0.00140435 0.0405731
81.2892 0.00139961 0.0403656
81.4816 0.00139491 0.040152
81.674 0.00139024 0.0399445
81.8664 0.0013856 0.0397369
82.0588 0.00138099 0.0395355
82.2512 0.00137642 0.039328
82.4436 0.00137184 0.0391266
82.636 0.00136732 0.0389252
82.8284 0.00136281 0.0387238
83.0208 0.00135835 0.0385223
83.2132 0.00135389 0.038327
83.4056 0.00134946 0.0381256
83.598 0.00134506 0.0379303
83.7904 0.00134069 0.037735
83.9828 0.00133634 0.0375397
84.1752 0.00133203 0.0373444
84.3676 0.00132774 0.0371552
84.56 0.00132345 0.0369659
84.7524 0.00131922 0.0367706
84.9448 0.00131502 0.0365814
85.1372 0.00131081 0.0363983
85.3296 0.00130663 0.0362091
85.522 0.00130251 0.0360199
85.7144 0.00129838 0.0358368
85.9068 0.00129428 0.0356537
86.0992 0.0012902 0.0354706
86.2916 0.00128616 0.0352875
86.484 0.00128213 0.0351044
86.6764 0.00127811 0.0349274
86.8688 0.00127413 0.0347504
87.0612 0.00127019 0.0345673
87.2536 0.00126623 0.0343903
87.446 0.00126234 0.0342133
87.6384 0.00125843 0.0340424
87.8308 0.00125455 0.0338654
88.0232 0.00125073 0.0336884
88.2156 0.0012469 0.0335175
88.408 0.00124309 0.0333466
88.6004 0.00123931 0.0331757
88.7928 0.00123555 0.0330048
88.9852 0.00123182 0.0328339
89.1776 0.00122807 0.0326691
89.37 0.00122438 0.0324982
89.5624 0.00122071 0.0323334
89.7548 0.00121704 0.0321686
89.9472 0.00121342 0.0320038
90.1396 0.00120978 0.031839
90.332 0.00120621 0.0316742
90.5244 0.00120262 0.0315094
90.7168 0.00119905 0.0313507
90.9092 0.00119554 0.0311859
91.1016 0.00119202 0.0310272
91.294 0.00118852 0.0308685
91.4864 0.00118504 0.0307098
91.6788 0.00118158 0.0305511
91.8712 0.00117811 0.0303986
92.0636 0.0011747 0.0302399
92.256 0.0011713 0.0300873
92.4484 0.00116793 0.0299286
92.6408 0.00116454 0.029776
92.8332 0.0011612 0.0296234
93.0256 0.00115785 0.0294708
93.218 0.00115456 0.0293182
93.4104 0.00115125 0.0291656
93.6028 0.00114796 0.0290192
93.7952 0.00114473 0.0288666
93.9876 0.00114148 0.0287201
94.18 0.00113825 0.0285736
94.3724 0.00113504 0.0284271
94.5648 0.00113185 0.0282745
94.7572 0.00112867 0.0281342
94.9496 0.00112552 0.0279877
95.142 0.00112238 0.0278412
95.3344 0.00111923 0.0277008
95.5268 0.00111613 0.0275543
95.7192 0.00111305 0.0274139
95.9116 0.00110995 0.0272736
96.104 0.00110691 0.0271271
96.2964 0.00110389 0.0269867
96.4888 0.00110084 0.0268463
96.6812 0.00109781 0.026712
96.8736 0.00109484 0.0265717
97.066 0.00109185 0.0264313
97.2584 0.00108888 0.026297
97.4508 0.00108596 0.0261566
97.6432 0.00108302 0.0260223
97.8356 0.0010801 0.0258881
98.028 0.00107719 0.0257538
98.2204 0.0010743 0.0256195
98.4128 0.00107143 0.0254852
98.6052 0.00106857 0.025351
98.7976 0.0010657 0.0252228
98.99 0.00106287 0.0250885
99.1824 0.00106007 0.0249603
99.3748 0.00105728 0.024826
99.5672 0.00105447 0.0246979
99.7596 0.00105171 0.0245697
99.952 0.00104893 0.0244415
100.144 0.0010462 0.0243134
100.337 0.00104345 0.0241852
100.529 0.00104076 0.024057
100.722 0.00103804 0.0239288
100.914 0.00103538 0.0238007
101.106 0.00103269 0.0236786
101.299 0.00103002 0.0235504
101.491 0.00102736 0.0234283
101.684 0.00102471 0.0233063
101.876 0.00102209 0.0231842
102.068 0.00101947 0.0230621
102.261 0.00101692 0.022934
102.453 0.00101429 0.022818
102.646 0.00101172 0.0226959
102.838 0.00100917 0.0225739
103.03 0.00100663 0.0224518
103.223 0.0010041 0.0223358
103.415 0.00100159 0.0222137
103.608 0.000999052 0.0220978
103.8 0.000996569 0.0219757
103.992 0.000994101 0.0218597
104.185 0.000991602 0.0217438
104.377 0.000989161 0.0216278
104.57 0.00098669 0.0215118
104.762 0.000984277 0.0213959
104.954 0.000981833 0.0212799
105.147 0.000979447 0.0211639
105.339 0.00097703 0.0210541
105.532 0.000974626 0.0209381
105.724 0.00097228 0.0208221
105.916 0.000969903 0.0207123
106.109 0.000967538 0.0205963
106.301 0.000965187 0.0204865
106.494 0.000962848 0.0203766
106.686 0.000960522 0.0202667
106.878 0.000958209 0.0201569
107.071 0.000955909 0.020047
107.263 0.000953622 0.0199371
107.456 0.000951347 0.0198273
107.648 0.000949084 0.0197174
107.84 0.000946834 0.0196075
108.033 0.000944597 0.0194977
108.225 0.000942371 0.0193939
108.418 0.000940159 0.0192841
108.61 0.00093791 0.0191803
108.802 0.000935721 0.0190704
108.995 0.000933545 0.0189667
109.187 0.000931332 0.0188629
109.38 0.000929179 0.0187592
109.572 0.000927038 0.0186493
109.764 0.000924861 0.0185455
109.957 0.000922743 0.0184418
110.149 0.000920589 0.018338
110.342 0.000918446 0.0182404
110.534 0.000916363 0.0181366
110.726 0.000914242 0.0180328
110.919 0.000912183 0.0179291
111.111 0.000910085 0.0178314
111.304 0.000907998 0.0177277
111.496 0.000905922 0.01763
111.688 0.000903907 0.0175262
111.881 0.000901854 0.0174286
112.073 0.000899811 0.0173309
112.266 0.000897779 0.0172272
112.458 0.000895758 0.0171295
112.65 0.000893747 0.0170319
112.843 0.000891747 0.0169342
113.035 0.000889758 0.0168365
113.228 0.000887779 0.0167389
113.42 0.000885811 0.0166412
113.612 0.000883853 0.0165436
113.805 0.000881906 0.0164459
113.997 0.000879969 0.0163544
114.19 0.000878042 0.0162567
114.382 0.000876125 0.0161591
114.574 0.000874167 0.0160675
114.767 0.000872271 0.0159698
114.959 0.000870385 0.0158783
115.152 0.000868508 0.0157806
115.344 0.00086659 0.0156891
115.536 0.000864733 0.0155975
115.729 0.000862886 0.0154999
115.921 0.000860997 0.0154083
116.114 0.00085917 0.0153168
116.306 0.000857299 0.0152252
116.498 0.000855491 0.0151337
116.691 0.00085364 0.0150421
116.883 0.000851851 0.0149506
117.076 0.000850018 0.014859
117.268 0.000848248 0.0147675
117.46 0.000846434 0.014682
117.653 0.000844629 0.0145905
117.845 0.000842887 0.0144989
118.038 0.0008411 0.0144073
118.23 0.000839322 0.0143219
118.422 0.000837608 0.0142303
118.615 0.000835848 0.0141449
118.807 0.000834097 0.0140533
119 0.000832355 0.0139679
119.192 0.000830676 0.0138763
119.384 0.000828951 0.0137909
119.577 0.000827235 0.0137054
119.769 0.000825528 0.01362
119.962 0.00082383 0.0135284
120.154 0.000822139 0.013443
120.346 0.000820458 0.0133575
120.539 0.000818785 0.0132721
120.731 0.00081712 0.0131866
120.924 0.000815463 0.0131012
121.116 0.000813815 0.0130157
121.308 0.000812175 0.0129303
121.501 0.000810544 0.0128448
121.693 0.00080892 0.0127594
121.886 0.000807305 0.0126801
122.078 0.000805697 0.0125946
122.27 0.000804098 0.0125092
122.463 0.000802451 0.0124298
122.655 0.000800868 0.0123444
122.848 0.000799292 0.0122589
123.04 0.000797724 0.0121796
123.232 0.000796165 0.0120941
123.425 0.000794556 0.0120148
123.617 0.000793012 0.0119293
123.81 0.000791475 0.01185
124.002 0.000789889 0.0117706
124.194 0.000788368 0.0116852
124.387 0.000786854 0.0116058
124.579 0.000785291 0.0115265
124.772 0.000783791 0.011441
124.964 0.0007823 0.0113617
125.156 0.000780758 0.0112823
125.349 0.000779281 0.011203
125.541 0.000777754 0.0111237
125.734 0.000776292 0.0110443
125.926 0.000774779 0.010965
126.118 0.000773331 0.0108856
126.311 0.000771832 0.0108063
126.503 0.000770398 0.0107269
126.696 0.000768913 0.0106476
126.888 0.000767493 0.0105682
127.08 0.000766022 0.0104889
127.273 0.000764616 0.0104095
127.465 0.000763159 0.0103302
127.658 0.000761708 0.010257
127.85 0.000760322 0.0101776
128.042 0.000758885 0.0100983
128.235 0.000757512 0.0100189
128.427 0.000756088 0.00994568
128.62 0.00075467 0.00986633
128.812 0.000753317 0.00978699
129.004 0.000751912 0.00971375
129.197 0.000750514 0.0096344
129.389 0.000749122 0.00956116
129.582 0.000747794 0.00948181
129.774 0.000746415 0.00940857
129.966 0.000745041 0.00932922
130.159 0.000743674 0.00925598
130.351 0.000742372 0.00917664
130.544 0.000741017 0.00910339
130.736 0.000739668 0.00902405
130.928 0.000738325 0.00895081
131.121 0.000736988 0.00887756
131.313 0.000735716 0.00879822
131.506 0.000734391 0.00872498
131.698 0.000733071 0.00865173
131.89 0.000731758 0.00857239
132.083 0.00073045 0.00849915
132.275 0.000729148 0.0084259
132.468 0.00072791 0.00834656
132.66 0.000726619 0.00827332
132.852 0.000725334 0.00820007
133.045 0.000724054 0.00812683
133.237 0.00072278 0.00805359
133.43 0.000721511 0.00797424
133.622 0.000720248 0.007901
133.814 0.00071899 0.00782776
134.007 0.000717737 0.00775452
134.199 0.000716489 0.00768127
134.392 0.000715305 0.00760193
134.584 0.000714068 0.00752869
134.776 0.000712836 0.00745544
134.969 0.000711608 0.0073822
135.161 0.000710386 0.00730896
135.354 0.000709169 0.00723572
135.546 0.000707957 0.00716248
135.738 0.00070675 0.00708923
135.931 0.000705547 0.00700989
136.123 0.000704349 0.00693665
136.316 0.000703156 0.0068634
136.508 0.000701968 0.00679016
136.7 0.000700784 0.00671692
136.893 0.000699605 0.00664368
137.085 0.00069843 0.00657043
137.278 0.000697259 0.00649719
137.47 0.00069615 0.00641785
137.662 0.000694988 0.0063446
137.855 0.000693831 0.00627136
138.047 0.000692677 0.00619812
138.24 0.000691528 0.00612488
138.432 0.000690383 0.00605164
138.624 0.000689242 0.00597229
138.817 0.000688105 0.00589905
139.009 0.000686972 0.00582581
139.202 0.000685843 0.00575256
139.394 0.000684773 0.00567322
139.586 0.000683651 0.00559998
139.779 0.000682533 0.00552673
139.971 0.000681419 0.00544739
140.164 0.000680308 0.00537415
140.356 0.000679254 0.0052948
140.548 0.00067815 0.00522156
140.741 0.000677049 0.00514221
140.933 0.000675951 0.00506897
141.126 0.00067491 0.00498962
141.318 0.000673818 0.00491638
141.51 0.00067273 0.00483704
141.703 0.000671696 0.00475769
141.895 0.000670613 0.00468445
142.088 0.000669533 0.0046051
142.28 0.000668507 0.00452576
142.472 0.000667432 0.00444641
142.665 0.00066641 0.00436707
142.857 0.00066534 0.00428772
143.05 0.000664321 0.00420227
143.242 0.000663305 0.00412292
143.434 0.000662241 0.00404358
143.627 0.000661227 0.00395813
143.819 0.000660215 0.00387878
144.012 0.000659203 0.00379333
144.204 0.000658193 0.00370789
144.396 0.000657183 0.00362244
144.589 0.000656174 0.00353699
144.781 0.000655166 0.00345154
144.974 0.000654158 0.00336609
145.166 0.00065315 0.00327454
145.358 0.000652185 0.00318298
145.551 0.000651176 0.00309143
145.743 0.000650209 0.00299988
145.936 0.000649199 0.00290833
146.128 0.000648228 0.00281067
146.32 0.000647255 0.00271301
146.513 0.00064628 0.00261536
146.705 0.000645339 0.0025116
146.898 0.000644356 0.00240784
147.09 0.000643406 0.00230408
147.282 0.000642449 0.00219421
147.475 0.000641486 0.00207825
147.667 0.000640549 0.00196228
147.86 0.000639601 0.00184021
148.052 0.000638671 0.00170593
148.244 0.000637727 0.00157166
148.437 0.000636793 0.00142517
148.629 0.000635861 0.00126648
148.822 0.000634923 0.00108948
149.014 0.000634004 0.000881958
149.206 0.000633083 0.00062561
149.399 0.000632167 0.00015564
