7.6 0.046604 1.56339
7.7924 0.0449281 1.51734
7.9848 0.0433499 1.47377
8.1772 0.0418615 1.43249
8.3696 0.0404561 1.39331
8.562 0.0391272 1.35609
8.7544 0.0378692 1.32067
8.9468 0.036677 1.28694
9.1392 0.0355458 1.25478
9.3316 0.0344714 1.22407
9.524 0.0334498 1.19473
9.7164 0.0324776 1.16667
9.9088 0.0315514 1.1398
10.1012 0.0306682 1.11405
10.2936 0.0298254 1.08936
10.486 0.0290204 1.06565
10.6784 0.0282508 1.04289
10.8708 0.0275146 1.021
11.0632 0.0268097 0.999943
11.2556 0.0261343 0.979671
11.448 0.0254867 0.960148
11.6404 0.0248654 0.941326
11.8328 0.0242689 0.923168
12.0252 0.0236958 0.905643
12.2176 0.0231448 0.888722
12.41 0.0226148 0.872366
12.6024 0.0221047 0.856559
12.7948 0.0216134 0.841268
12.9872 0.02114 0.826471
13.1796 0.0206837 0.81214
13.372 0.0202434 0.798257
13.5644 0.0198186 0.784805
13.7568 0.0194084 0.771762
13.9492 0.0190121 0.759103
14.1416 0.0186291 0.746829
14.334 0.0182587 0.734903
14.5264 0.0179004 0.723325
14.7188 0.0175537 0.712076
14.9112 0.0172181 0.701138
15.1036 0.0168929 0.690507
15.296 0.0165779 0.680168
15.4884 0.0162725 0.670101
15.6808 0.0159763 0.660306
15.8732 0.015689 0.650768
16.0656 0.0154103 0.641481
16.258 0.0151396 0.632428
16.4504 0.0148768 0.623606
16.6428 0.0146215 0.615002
16.8352 0.0143734 0.606617
17.0276 0.0141322 0.59843
17.22 0.0138977 0.590446
17.4124 0.0136696 0.582655
17.6048 0.0134476 0.575047
17.7972 0.0132316 0.567622
17.9896 0.0130213 0.560362
18.182 0.0128165 0.553276
18.3744 0.0126171 0.546346
18.5668 0.0124227 0.539571
18.7592 0.0122333 0.532942
18.9516 0.0120486 0.526469
19.144 0.0118685 0.520134
19.3364 0.0116929 0.513936
19.5288 0.0115215 0.507866
19.7212 0.0113543 0.501924
19.9136 0.0111911 0.496113
20.106 0.0110317 0.490421
20.2984 0.0108761 0.484844
20.4908 0.0107242 0.479382
20.6832 0.0105757 0.474026
20.8756 0.0104306 0.468784
21.068 0.0102888 0.463642
21.2604 0.0101502 0.458599
21.4528 0.0100146 0.453655
21.6452 0.00988208 0.448811
21.8376 0.00975242 0.444057
22.03 0.00962558 0.439388
22.2224 0.00950145 0.434811
22.4148 0.00937997 0.430317
22.6072 0.00926106 0.425907
22.7996 0.00914463 0.421581
22.992 0.00903062 0.417332
23.1844 0.00891896 0.413158
23.3768 0.00880958 0.409061
23.5692 0.00870241 0.405033
23.7616 0.0085974 0.401081
23.954 0.00849449 0.397195
24.1464 0.0083936 0.393375
24.3388 0.0082947 0.389621
24.5312 0.00819773 0.385928
24.7236 0.00810262 0.382303
24.916 0.00800935 0.378738
25.1084 0.00791784 0.375229
25.3008 0.00782807 0.37178
25.4932 0.00773997 0.368387
25.6856 0.00765352 0.365048
25.878 0.00756866 0.361765
26.0704 0.00748536 0.358536
26.2628 0.00740358 0.355356
26.4552 0.00732327 0.352225
26.6476 0.0072444 0.349142
26.84 0.00716694 0.346109
27.0324 0.00709085 0.343124
27.2248 0.00701609 0.340182
27.4172 0.00694264 0.337289
27.6096 0.00687046 0.334439
27.802 0.00679952 0.331631
27.9944 0.00672979 0.328867
28.1868 0.00666125 0.326138
28.3792 0.00659386 0.323453
28.5716 0.0065276 0.32081
28.764 0.00646244 0.318198
28.9564 0.00639836 0.315628
29.1488 0.00633533 0.313095
29.3412 0.00627333 0.310599
29.5336 0.00621233 0.308139
29.726 0.00615231 0.30571
29.9184 0.00609325 0.303317
30.1108 0.00603514 0.300961
30.3032 0.00597794 0.298631
30.4956 0.00592163 0.296333
30.688 0.00586621 0.294072
30.8804 0.00581164 0.291838
31.0728 0.00575792 0.289632
31.2652 0.00570501 0.287462
31.4576 0.00565291 0.28532
31.65 0.0056016 0.283205
31.8424 0.00555107 0.281108
32.0348 0.00550128 0.279048
32.2272 0.00545224 0.277016
32.4196 0.00540392 0.275011
32.612 0.00535631 0.273024
32.8044 0.00530939 0.271065
32.9968 0.00526316 0.269133
33.1892 0.00521759 0.267229
33.3816 0.00517267 0.265343
33.574 0.0051284 0.263484
33.7664 0.00508475 0.261644
33.9588 0.00504172 0.259831
34.1512 0.0049993 0.258037
34.3436 0.00495746 0.25627
34.536 0.00491621 0.254521
34.7284 0.00487552 0.252791
34.9208 0.00483539 0.251079
35.1132 0.00479581 0.249394
35.3056 0.00475677 0.247728
35.498 0.00471825 0.24608
35.6904 0.00468025 0.24445
35.8828 0.00464276 0.242839
36.0752 0.00460576 0.241255
36.2676 0.00456926 0.23968
36.46 0.00453323 0.238124
36.6524 0.00449767 0.236586
36.8448 0.00446258 0.235066
37.0372 0.00442794 0.233565
37.2296 0.00439375 0.232082
37.422 0.00435999 0.230617
37.6144 0.00432667 0.229161
37.8068 0.00429376 0.227733
37.9992 0.00426127 0.226314
38.1916 0.00422919 0.224904
38.384 0.00419751 0.223521
38.5764 0.00416623 0.222139
38.7688 0.00413533 0.220784
38.9612 0.00410481 0.219438
39.1536 0.00407466 0.218111
39.346 0.00404488 0.216792
39.5384 0.00401546 0.215492
39.7308 0.0039864 0.214201
39.9232 0.00395768 0.212929
40.1156 0.00392931 0.211674
40.308 0.00390128 0.21042
40.5004 0.00387358 0.209184
40.6928 0.0038462 0.207967
40.8852 0.00381915 0.206758
41.0776 0.00379241 0.205559
41.27 0.00376598 0.204369
41.4624 0.00373986 0.203197
41.6548 0.00371403 0.202034
41.8472 0.00368851 0.20089
42.0396 0.00366327 0.199753
42.232 0.00363832 0.198624
42.4244 0.00361366 0.197507
42.6168 0.00358927 0.196402
42.8092 0.00356515 0.195309
43.0016 0.0035413 0.194223
43.194 0.00351772 0.193155
43.3864 0.0034944 0.192093
43.5788 0.00347133 0.191037
43.7712 0.00344852 0.189999
43.9636 0.00342595 0.188968
44.156 0.00340364 0.187943
44.3484 0.00338156 0.186929
44.5408 0.00335972 0.185928
44.7332 0.00333811 0.184933
44.9256 0.00331674 0.183951
45.118 0.00329559 0.182974
45.3104 0.00327466 0.18201
45.5028 0.00325396 0.181052
45.6952 0.00323347 0.180106
45.8876 0.0032132 0.179166
46.08 0.00319314 0.178232
46.2724 0.00317329 0.17731
46.4648 0.00315364 0.176395
46.6572 0.00313419 0.175491
46.8496 0.00311495 0.174594
47.042 0.00309589 0.173703
47.2344 0.00307704 0.172818
47.4268 0.00305837 0.171945
47.6192 0.00303989 0.171078
47.8116 0.0030216 0.170218
48.004 0.00300349 0.16937
48.1964 0.00298556 0.168527
48.3888 0.0029678 0.167691
48.5812 0.00295023 0.166861
48.7736 0.00293282 0.166037
48.966 0.00291559 0.165225
49.1584 0.00289852 0.164413
49.3508 0.00288162 0.163614
49.5432 0.00286489 0.16282
49.7356 0.00284831 0.162033
49.928 0.0028319 0.161252
50.1204 0.00281564 0.160477
50.3128 0.00279953 0.159708
50.5052 0.00278358 0.158945
50.6976 0.00276778 0.158194
50.89 0.00275213 0.157443
51.0824 0.00273663 0.156699
51.2748 0.00272127 0.155966
51.4672 0.00270606 0.155234
51.6596 0.00269098 0.154507
51.852 0.00267605 0.153787
52.0444 0.00266125 0.153073
52.2368 0.00264659 0.152371
52.4292 0.00263206 0.151669
52.6216 0.00261767 0.150974
52.814 0.00260341 0.150284
53.0064 0.00258927 0.149594
53.1988 0.00257527 0.148917
53.3912 0.00256138 0.148245
53.5836 0.00254763 0.147574
53.776 0.00253399 0.146909
53.9684 0.00252048 0.146249
54.1608 0.00250709 0.145596
54.3532 0.00249381 0.144949
54.5456 0.00248066 0.144308
54.738 0.00246761 0.143668
54.9304 0.00245468 0.143033
55.1228 0.00244187 0.142404
55.3152 0.00242916 0.141782
55.5076 0.00241657 0.141165
55.7 0.00240408 0.140549
55.8924 0.0023917 0.139938
56.0848 0.00237943 0.139334
56.2772 0.00236726 0.138736
56.4696 0.0023552 0.138138
56.662 0.00234323 0.137546
56.8544 0.00233137 0.13696
57.0468 0.00231961 0.136374
57.2392 0.00230795 0.1358
57.4316 0.00229638 0.13522
57.624 0.00228491 0.134653
57.8164 0.00227354 0.134085
58.0088 0.00226226 0.133524
58.2012 0.00225107 0.132968
58.3936 0.00223997 0.132413
58.586 0.00222897 0.131863
58.7784 0.00221805 0.13132
58.9708 0.00220723 0.130777
59.1632 0.00219649 0.13024
59.3556 0.00218584 0.129703
59.548 0.00217527 0.129172
59.7404 0.00216479 0.128647
59.9328 0.0021544 0.128122
60.1252 0.00214408 0.127603
60.3176 0.00213385 0.12709
60.51 0.0021237 0.126578
60.7024 0.00211363 0.126065
60.8948 0.00210364 0.125565
61.0872 0.00209373 0.125058
61.2796 0.0020839 0.124564
61.472 0.00207414 0.124069
61.6644 0.00206446 0.123575
61.8568 0.00205485 0.123087
62.0492 0.00204532 0.122604
62.2416 0.00203586 0.122122
62.434 0.00202647 0.121646
62.6264 0.00201716 0.12117
62.8188 0.00200792 0.1207
63.0112 0.00199875 0.12023
63.2036 0.00198964 0.119766
63.396 0.00198061 0.119302
63.5884 0.00197164 0.118845
63.7808 0.00196275 0.118387
63.9732 0.00195391 0.117935
64.1656 0.00194515 0.117484
64.358 0.00193645 0.117038
64.5504 0.00192782 0.116592
64.7428 0.00191924 0.116153
64.9352 0.00191074 0.115714
65.1276 0.00190229 0.115274
65.32 0.00189391 0.114847
65.5124 0.00188559 0.114413
65.7048 0.00187733 0.113986
65.8972 0.00186913 0.113565
66.0896 0.00186099 0.113138
66.282 0.0018529 0.112723
66.4744 0.00184488 0.112308
66.6668 0.00183692 0.111893
66.8592 0.00182901 0.111478
67.0516 0.00182116 0.111069
67.244 0.00181336 0.110666
67.4364 0.00180562 0.110263
67.6288 0.00179794 0.10986
67.8212 0.0017903 0.109464
68.0136 0.00178273 0.109067
68.206 0.0017752 0.10867
68.3984 0.00176773 0.108279
68.5908 0.00176032 0.107895
68.7832 0.00175295 0.107504
68.9756 0.00174563 0.107126
69.168 0.00173837 0.106741
69.3604 0.00173115 0.106363
69.5528 0.00172399 0.105984
69.7452 0.00171688 0.105612
69.9376 0.00170981 0.10524
70.13 0.00170279 0.104868
70.3224 0.00169582 0.104501
70.5148 0.0016889 0.104135
70.7072 0.00168202 0.103769
70.8996 0.00167519 0.103409
71.092 0.00166841 0.103049
71.2844 0.00166167 0.102695
71.4768 0.00165498 0.102341
71.6692 0.00164834 0.101987
71.8616 0.00164173 0.101633
72.054 0.00163518 0.101285
72.2464 0.00162866 0.100937
72.4388 0.00162219 0.100595
72.6312 0.00161576 0.100253
72.8236 0.00160937 0.0999115
73.016 0.00160303 0.0995758
73.2084 0.00159673 0.099234
73.4008 0.00159046 0.0989044
73.5932 0.00158424 0.0985687
73.7856 0.00157806 0.0982391
73.978 0.00157192 0.0979095
74.1704 0.00156582 0.09758
74.3628 0.00155976 0.0972565
74.5552 0.00155374 0.096933
74.7476 0.00154776 0.0966095
74.94 0.00154181 0.0962921
75.1324 0.00153591 0.0959747
75.3248 0.00153004 0.0956573
75.5172 0.0015242 0.0953461
75.7096 0.00151841 0.0950287
75.902 0.00151265 0.0947174
76.0944 0.00150693 0.0944122
76.2868 0.00150124 0.094101
76.4792 0.00149559 0.0937958
76.6716 0.00148998 0.0934906
76.864 0.0014844 0.0931915
77.0564 0.00147886 0.0928925
77.2488 0.00147334 0.0925934
77.4412 0.00146787 0.0922943
77.6336 0.00146243 0.0919952
77.826 0.00145702 0.0917023
78.0184 0.00145164 0.0914093
78.2108 0.0014463 0.0911224
78.4032 0.00144099 0.0908295
78.5956 0.00143571 0.0905426
78.788 0.00143047 0.0902557
78.9804 0.00142526 0.0899689
79.1728 0.00142007 0.0896881
79.3652 0.00141492 0.0894073
79.5576 0.0014098 0.0891266
79.75 0.00140472 0.0888458
79.9424 0.00139966 0.0885712
80.1348 0.00139463 0.0882965
80.3272 0.00138963 0.0880219
80.5196 0.00138467 0.0877472
80.712 0.00137973 0.0874786
80.9044 0.00137482 0.087204
81.0968 0.00136994 0.0869354
81.2892 0.00136509 0.0866669
81.4816 0.00136027 0.0864044
81.674 0.00135548 0.086142
81.8664 0.00135071 0.0858734
82.0588 0.00134597 0.0856171
82.2512 0.00134126 0.0853546
82.4436 0.00133658 0.0850922
82.636 0.00133193 0.0848358
82.8284 0.0013273 0.0845795
83.0208 0.0013227 0.0843231
83.2132 0.00131812 0.0840729
83.4056 0.00131357 0.0838226
83.598 0.00130905 0.0835663
83.7904 0.00130455 0.083316
83.9828 0.00130008 0.0830719
84.1752 0.00129564 0.0828217
84.3676 0.00129122 0.0825775
84.56 0.00128682 0.0823334
84.7524 0.00128245 0.0820892
84.9448 0.00127811 0.0818451
85.1372 0.00127379 0.081601
85.3296 0.00126949 0.0813629
85.522 0.00126522 0.0811249
85.7144 0.00126097 0.0808868
85.9068 0.00125675 0.0806488
86.0992 0.00125255 0.0804169
86.2916 0.00124837 0.0801788
86.484 0.00124421 0.0799469
86.6764 0.00124008 0.079715
86.8688 0.00123597 0.079483
87.0612 0.00123189 0.0792572
87.2536 0.00122783 0.0790253
87.446 0.00122378 0.0787994
87.6384 0.00121977 0.0785736
87.8308 0.00121577 0.0783478
88.0232 0.0012118 0.0781219
88.2156 0.00120784 0.0779022
88.408 0.00120391 0.0776764
88.6004 0.0012 0.0774567
88.7928 0.00119611 0.0772369
88.9852 0.00119224 0.0770172
89.1776 0.00118839 0.0768036
89.37 0.00118457 0.0765839
89.5624 0.00118076 0.0763702
89.7548 0.00117698 0.0761566
89.9472 0.00117321 0.075943
90.1396 0.00116946 0.0757294
90.332 0.00116574 0.0755157
90.5244 0.00116203 0.0753082
90.7168 0.00115835 0.0750946
90.9092 0.00115468 0.0748871
91.1016 0.00115103 0.0746796
91.294 0.00114741 0.074472
91.4864 0.0011438 0.0742645
91.6788 0.0011402 0.0740631
91.8712 0.00113663 0.0738617
92.0636 0.00113308 0.0736542
92.256 0.00112955 0.0734528
92.4484 0.00112603 0.0732513
92.6408 0.00112253 0.0730499
92.8332 0.00111905 0.0728546
93.0256 0.00111559 0.0726532
93.218 0.00111215 0.0724579
93.4104 0.00110872 0.0722626
93.6028 0.00110531 0.0720673
93.7952 0.00110192 0.0718719
93.9876 0.00109855 0.0716766
94.18 0.00109519 0.0714813
94.3724 0.00109185 0.0712921
94.5648 0.00108853 0.0711029
94.7572 0.00108523 0.0709076
94.9496 0.00108194 0.0707184
95.142 0.00107867 0.0705292
95.3344 0.00107541 0.0703461
95.5268 0.00107217 0.0701569
