7.9848 0.0443204 2.17643
8.1772 0.0427655 2.1163
8.3696 0.0412993 2.05949
8.562 0.0399151 2.00572
8.7544 0.0386065 1.9547
8.9468 0.0373679 1.90622
9.1392 0.0361941 1.86007
9.3316 0.0350805 1.81609
9.524 0.0340229 1.77412
9.7164 0.0330173 1.734
9.9088 0.0320604 1.69562
10.1012 0.0311487 1.65886
10.2936 0.0302795 1.62363
10.486 0.02945 1.58982
10.6784 0.0286577 1.55735
10.8708 0.0279002 1.52613
11.0632 0.0271756 1.4961
11.2556 0.0264818 1.46719
11.448 0.025817 1.43934
11.6404 0.0251796 1.41248
11.8328 0.0245679 1.38658
12.0252 0.0239807 1.36157
12.2176 0.0234165 1.33741
12.41 0.022874 1.31406
12.6024 0.0223522 1.29148
12.7948 0.0218499 1.26963
12.9872 0.0213662 1.24847
13.1796 0.0209 1.22798
13.372 0.0204506 1.20812
13.5644 0.020017 1.18886
13.7568 0.0195986 1.17019
13.9492 0.0191945 1.15206
14.1416 0.0188041 1.13446
14.334 0.0184268 1.11737
14.5264 0.0180619 1.10076
14.7188 0.0177089 1.08461
14.9112 0.0173673 1.06891
15.1036 0.0170365 1.05364
15.296 0.016716 1.03877
15.4884 0.0164055 1.02431
15.6808 0.0161045 1.01021
15.8732 0.0158126 0.996479
16.0656 0.0155294 0.983105
16.258 0.0152546 0.970058
16.4504 0.0149877 0.95734
16.6428 0.0147286 0.944942
16.8352 0.0144768 0.932835
17.0276 0.0142321 0.921024
17.22 0.0139943 0.909489
17.4124 0.013763 0.898232
17.6048 0.013538 0.887232
17.7972 0.013319 0.876486
17.9896 0.0131059 0.86598
18.182 0.0128985 0.855715
18.3744 0.0126964 0.845676
18.5668 0.0124996 0.835857
18.7592 0.0123078 0.826251
18.9516 0.0121208 0.816858
19.144 0.0119385 0.807656
19.3364 0.0117608 0.798654
19.5288 0.0115874 0.789841
19.7212 0.0114183 0.781204
19.9136 0.0112532 0.772751
20.106 0.011092 0.764462
20.2984 0.0109347 0.756345
20.4908 0.0107811 0.748392
20.6832 0.010631 0.740591
20.8756 0.0104844 0.732944
21.068 0.0103411 0.725443
21.2604 0.010201 0.718088
21.4528 0.0100641 0.710867
21.6452 0.0099302 0.703787
21.8376 0.00979925 0.696841
22.03 0.00967116 0.690021
22.2224 0.00954583 0.683324
22.4148 0.00942319 0.67675
22.6072 0.00930315 0.670298
22.7996 0.00918564 0.663954
22.992 0.00907058 0.657727
23.1844 0.00895791 0.651612
23.3768 0.00884754 0.645598
23.5692 0.00873943 0.639692
23.7616 0.0086335 0.633886
23.954 0.00852969 0.628177
24.1464 0.00842795 0.622564
24.3388 0.00832821 0.617048
24.5312 0.00823042 0.611621
24.7236 0.00813454 0.606286
24.916 0.0080405 0.601036
25.1084 0.00794826 0.595866
25.3008 0.00785776 0.590785
25.4932 0.00776898 0.585786
25.6856 0.00768185 0.58087
25.878 0.00759634 0.576018
26.0704 0.0075124 0.571257
26.2628 0.00743 0.56656
26.4552 0.00734909 0.561937
26.6476 0.00726965 0.557387
26.84 0.00719162 0.552901
27.0324 0.00711498 0.548488
27.2248 0.00703969 0.544139
27.4172 0.00696572 0.539854
27.6096 0.00689303 0.535634
27.802 0.0068216 0.531468
27.9944 0.0067514 0.527367
28.1868 0.00668239 0.523329
28.3792 0.00661455 0.519347
28.5716 0.00654785 0.515419
28.764 0.00648226 0.511555
28.9564 0.00641776 0.507738
29.1488 0.00635433 0.503975
29.3412 0.00629193 0.500267
29.5336 0.00623054 0.496601
29.726 0.00617015 0.492992
29.9184 0.00611073 0.489437
30.1108 0.00605225 0.48592
30.3032 0.0059947 0.482456
30.4956 0.00593806 0.479038
30.688 0.00588231 0.475666
30.8804 0.00582742 0.472332
31.0728 0.00577338 0.469051
31.2652 0.00572017 0.465809
31.4576 0.00566777 0.462605
31.65 0.00561617 0.459446
31.8424 0.00556534 0.456326
32.0348 0.00551528 0.453243
32.2272 0.00546596 0.450207
32.4196 0.00541738 0.447201
32.612 0.00536951 0.444241
32.8044 0.00532234 0.441311
32.9968 0.00527585 0.438419
33.1892 0.00523004 0.435558
33.3816 0.00518489 0.432735
33.574 0.00514039 0.429951
33.7664 0.00509652 0.427197
33.9588 0.00505327 0.424473
34.1512 0.00501062 0.42178
34.3436 0.00496858 0.419125
34.536 0.00492711 0.4165
34.7284 0.00488623 0.413906
34.9208 0.0048459 0.411343
35.1132 0.00480612 0.408802
35.3056 0.00476689 0.4063
35.498 0.00472819 0.40382
35.6904 0.00469001 0.401371
35.8828 0.00465234 0.398947
36.0752 0.00461517 0.396555
36.2676 0.00457849 0.394186
36.46 0.0045423 0.391849
36.6524 0.00450658 0.389529
36.8448 0.00447133 0.387241
37.0372 0.00443653 0.384976
37.2296 0.00440218 0.382736
37.422 0.00436828 0.380527
37.6144 0.0043348 0.378336
37.8068 0.00430176 0.376163
37.9992 0.00426913 0.37402
38.1916 0.00423691 0.371896
38.384 0.00420509 0.369797
38.5764 0.00417367 0.367722
38.7688 0.00414264 0.365665
38.9612 0.00411199 0.363632
39.1536 0.00408172 0.361618
39.346 0.00405182 0.359628
39.5384 0.00402228 0.357657
39.7308 0.0039931 0.355704
39.9232 0.00396427 0.353775
40.1156 0.00393578 0.351865
40.308 0.00390763 0.349973
40.5004 0.00387982 0.348099
40.6928 0.00385234 0.346243
40.8852 0.00382518 0.344406
41.0776 0.00379833 0.342587
41.27 0.0037718 0.340787
41.4624 0.00374558 0.339005
41.6548 0.00371966 0.337241
41.8472 0.00369404 0.335495
42.0396 0.00366871 0.333762
42.232 0.00364366 0.332047
42.4244 0.00361891 0.33035
42.6168 0.00359443 0.328665
42.8092 0.00357022 0.326999
43.0016 0.00354629 0.325351
43.194 0.00352262 0.323715
43.3864 0.00349921 0.322098
43.5788 0.00347607 0.320493
43.7712 0.00345317 0.318906
43.9636 0.00343053 0.317331
44.156 0.00340813 0.315768
44.3484 0.00338598 0.314224
44.5408 0.00336406 0.312692
44.7332 0.00334238 0.311179
44.9256 0.00332093 0.309671
45.118 0.00329971 0.308182
45.3104 0.00327872 0.306705
45.5028 0.00325795 0.30524
45.6952 0.00323739 0.303793
45.8876 0.00321705 0.302353
46.08 0.00319692 0.300931
46.2724 0.00317701 0.299519
46.4648 0.00315729 0.298119
46.6572 0.00313778 0.296727
46.8496 0.00311847 0.295354
47.042 0.00309936 0.29399
47.2344 0.00308045 0.292635
47.4268 0.00306172 0.291298
47.6192 0.00304318 0.28997
47.8116 0.00302483 0.288652
48.004 0.00300666 0.287343
48.1964 0.00298868 0.286043
48.3888 0.00297087 0.284761
48.5812 0.00295324 0.283488
48.7736 0.00293578 0.282225
48.966 0.0029185 0.280971
49.1584 0.00290138 0.279726
49.3508 0.00288443 0.278499
49.5432 0.00286764 0.277272
49.7356 0.00285102 0.276064
49.928 0.00283456 0.274855
50.1204 0.00281825 0.273665
50.3128 0.0028021 0.272484
50.5052 0.0027861 0.271312
50.6976 0.00277026 0.270149
50.89 0.00275456 0.268996
51.0824 0.00273901 0.267851
51.2748 0.00272361 0.266707
51.4672 0.00270835 0.265581
51.6596 0.00269324 0.264464
51.852 0.00267826 0.263356
52.0444 0.00266342 0.262257
52.2368 0.00264872 0.261159
52.4292 0.00263416 0.260078
52.6216 0.00261972 0.258998
52.814 0.00260542 0.257936
53.0064 0.00259125 0.256874
53.1988 0.0025772 0.255821
53.3912 0.00256328 0.254787
53.5836 0.00254949 0.253743
53.776 0.00253582 0.252718
53.9684 0.00252227 0.251701
54.1608 0.00250884 0.250685
54.3532 0.00249554 0.249687
54.5456 0.00248234 0.248689
54.738 0.00246927 0.247701
54.9304 0.0024563 0.246721
55.1228 0.00244346 0.245741
55.3152 0.00243072 0.244771
55.5076 0.00241809 0.243819
55.7 0.00240557 0.242857
55.8924 0.00239316 0.241914
56.0848 0.00238086 0.240971
56.2772 0.00236866 0.240047
56.4696 0.00235656 0.239113
56.662 0.00234457 0.238197
56.8544 0.00233268 0.237282
57.0468 0.00232089 0.236375
57.2392 0.0023092 0.235478
57.4316 0.0022976 0.234581
57.624 0.00228611 0.233693
57.8164 0.0022747 0.232814
58.0088 0.0022634 0.231944
58.2012 0.00225218 0.231075
58.3936 0.00224106 0.230214
58.586 0.00223003 0.229353
58.7784 0.00221909 0.228502
58.9708 0.00220824 0.22766
59.1632 0.00219748 0.226817
59.3556 0.0021868 0.225984
59.548 0.00217621 0.22516
59.7404 0.00216571 0.224336
59.9328 0.00215529 0.223521
60.1252 0.00214495 0.222707
60.3176 0.00213469 0.221901
60.51 0.00212452 0.221104
60.7024 0.00211443 0.220308
60.8948 0.00210441 0.219521
61.0872 0.00209448 0.218742
61.2796 0.00208462 0.217955
61.472 0.00207484 0.217186
61.6644 0.00206514 0.216417
61.8568 0.00205551 0.215657
62.0492 0.00204596 0.214897
62.2416 0.00203648 0.214146
62.434 0.00202708 0.213396
62.6264 0.00201774 0.212654
62.8188 0.00200848 0.211913
63.0112 0.00199929 0.21118
63.2036 0.00199016 0.210448
63.396 0.00198111 0.209724
63.5884 0.00197213 0.209001
63.7808 0.00196321 0.208287
63.9732 0.00195436 0.207582
64.1656 0.00194558 0.206868
64.358 0.00193686 0.206172
64.5504 0.00192821 0.205476
64.7428 0.00191962 0.204781
64.9352 0.00191109 0.204094
65.1276 0.00190263 0.203407
65.32 0.00189423 0.20273
65.5124 0.00188589 0.202052
65.7048 0.00187761 0.201384
65.8972 0.0018694 0.200716
66.0896 0.00186124 0.200047
66.282 0.00185314 0.199387
66.4744 0.0018451 0.198734
66.6668 0.00183712 0.19808
66.8592 0.0018292 0.197433
67.0516 0.00182133 0.196793
67.244 0.00181352 0.196152
67.4364 0.00180576 0.195517
67.6288 0.00179806 0.194888
67.8212 0.00179042 0.19426
68.0136 0.00178282 0.193631
68.206 0.00177529 0.193015
68.3984 0.0017678 0.192398
68.5908 0.00176037 0.191782
68.7832 0.00175299 0.191177
68.9756 0.00174566 0.190567
69.168 0.00173838 0.189969
69.3604 0.00173115 0.189365
69.5528 0.00172397 0.188773
69.7452 0.00171684 0.188181
69.9376 0.00170976 0.187595
70.13 0.00170273 0.187009
70.3224 0.00169575 0.186429
70.5148 0.00168881 0.185849
70.7072 0.00168193 0.185275
70.8996 0.00167508 0.184702
71.092 0.00166829 0.184134
71.2844 0.00166154 0.183566
71.4768 0.00165483 0.183005
71.6692 0.00164817 0.182449
71.8616 0.00164156 0.181894
72.054 0.00163499 0.181339
72.2464 0.00162846 0.180789
72.4388 0.00162198 0.180246
72.6312 0.00161554 0.179703
72.8236 0.00160914 0.179166
73.016 0.00160278 0.178629
73.2084 0.00159647 0.178091
73.4008 0.0015902 0.17756
73.5932 0.00158397 0.177036
73.7856 0.00157777 0.176511
73.978 0.00157162 0.175986
74.1704 0.00156551 0.175467
74.3628 0.00155944 0.174948
74.5552 0.00155341 0.174435
74.7476 0.00154741 0.173923
74.94 0.00154146 0.173416
75.1324 0.00153554 0.17291
75.3248 0.00152966 0.172409
75.5172 0.00152382 0.171909
75.7096 0.00151801 0.171414
75.902 0.00151225 0.17092
76.0944 0.00150651 0.170425
76.2868 0.00150082 0.169937
76.4792 0.00149516 0.169449
76.6716 0.00148953 0.168967
76.864 0.00148395 0.168484
77.0564 0.00147839 0.168008
77.2488 0.00147287 0.167532
77.4412 0.00146739 0.167056
77.6336 0.00146193 0.166586
77.826 0.00145652 0.166116
78.0184 0.00145113 0.165652
78.2108 0.00144578 0.165182
78.4032 0.00144046 0.164725
78.5956 0.00143518 0.164267
78.788 0.00142992 0.163809
78.9804 0.0014247 0.163351
79.1728 0.00141951 0.1629
79.3652 0.00141435 0.162454
79.5576 0.00140922 0.162003
79.75 0.00140413 0.161557
79.9424 0.00139906 0.161118
80.1348 0.00139403 0.160678
80.3272 0.00138902 0.160239
80.5196 0.00138404 0.159799
80.712 0.0013791 0.159366
80.9044 0.00137418 0.158932
81.0968 0.0013693 0.158505
81.2892 0.00136444 0.158078
81.4816 0.00135961 0.157651
81.674 0.00135481 0.15723
81.8664 0.00135003 0.156808
82.0588 0.00134529 0.156387
82.2512 0.00134057 0.155972
82.4436 0.00133588 0.155557
82.636 0.00133122 0.155142
82.8284 0.00132658 0.154733
83.0208 0.00132197 0.154324
83.2132 0.00131739 0.153915
83.4056 0.00131283 0.153513
83.598 0.0013083 0.15311
83.7904 0.0013038 0.152707
83.9828 0.00129932 0.15231
84.1752 0.00129487 0.151913
84.3676 0.00129044 0.151517
84.56 0.00128604 0.151126
84.7524 0.00128167 0.150735
84.9448 0.00127731 0.150345
85.1372 0.00127299 0.14996
85.3296 0.00126868 0.14957
85.522 0.0012644 0.149185
85.7144 0.00126015 0.148807
85.9068 0.00125592 0.148428
86.0992 0.00125171 0.14805
86.2916 0.00124753 0.147672
86.484 0.00124337 0.147299
86.6764 0.00123923 0.146921
86.8688 0.00123511 0.146555
87.0612 0.00123102 0.146182
87.2536 0.00122695 0.145816
87.446 0.00122291 0.14545
87.6384 0.00121888 0.145084
87.8308 0.00121488 0.144724
88.0232 0.0012109 0.144363
88.2156 0.00120694 0.144003
88.408 0.001203 0.143643
88.6004 0.00119908 0.143289
88.7928 0.00119519 0.142935
88.9852 0.00119131 0.142581
89.1776 0.00118746 0.142227
89.37 0.00118363 0.141879
89.5624 0.00117982 0.141531
89.7548 0.00117603 0.141183
89.9472 0.00117225 0.140842
90.1396 0.0011685 0.1405
90.332 0.00116477 0.140158
90.5244 0.00116106 0.139816
90.7168 0.00115737 0.139474
90.9092 0.0011537 0.139139
91.1016 0.00115004 0.138803
91.294 0.00114641 0.138467
91.4864 0.0011428 0.138138
91.6788 0.0011392 0.137808
91.8712 0.00113562 0.137479
92.0636 0.00113206 0.137149
92.256 0.00112853 0.136819
92.4484 0.001125 0.136496
92.6408 0.0011215 0.136172
92.8332 0.00111802 0.135849
93.0256 0.00111455 0.135532
93.218 0.0011111 0.135208
93.4104 0.00110767 0.134891
93.6028 0.00110426 0.134573
93.7952 0.00110086 0.134262
93.9876 0.00109748 0.133945
94.18 0.00109412 0.133633
94.3724 0.00109078 0.133322
94.5648 0.00108745 0.133011
94.7572 0.00108414 0.1327
94.9496 0.00108085 0.132394
95.142 0.00107757 0.132089
95.3344 0.00107431 0.131784
95.5268 0.00107106 0.131479
95.7192 0.00106784 0.13118
95.9116 0.00106463 0.130881
96.104 0.00106143 0.130582
96.2964 0.00105825 0.130283
96.4888 0.00105509 0.129984
96.6812 0.00105194 0.129691
96.8736 0.00104881 0.129391
97.066 0.00104569 0.129099
97.2584 0.00104259 0.128806
97.4508 0.0010395 0.128519
97.6432 0.00103643 0.128226
97.8356 0.00103338 0.127939
98.028 0.00103033 0.127652
98.2204 0.00102731 0.127365
98.4128 0.0010243 0.127078
98.6052 0.0010213 0.126797
98.7976 0.00101832 0.126517
98.99 0.00101535 0.126236
99.1824 0.0010124 0.125955
99.3748 0.00100946 0.125674
99.5672 0.00100654 0.1254
99.7596 0.00100363 0.125119
99.952 0.00100073 0.124844
100.144 0.000997846 0.12457
100.337 0.000994978 0.124295
100.529 0.000992123 0.124026
100.722 0.000989281 0.123752
100.914 0.000986454 0.123483
101.106 0.000983639 0.123215
101.299 0.000980838 0.122946
101.491 0.00097805 0.122678
101.684 0.000975276 0.122415
101.876 0.000972514 0.122153
102.068 0.000969766 0.121884
102.261 0.00096703 0.121622
102.453 0.000964308 0.121359
102.646 0.000961598 0.121103
102.838 0.0009589 0.12084
103.03 0.000956216 0.120584
103.223 0.000953543 0.120328
103.415 0.000950884 0.120071
103.608 0.000948236 0.119815
103.8 0.000945601 0.119559
103.992 0.000942978 0.119308
104.185 0.000940367 0.119058
104.377 0.000937768 0.118802
104.57 0.000935181 0.118552
104.762 0.000932606 0.118301
104.954 0.000930043 0.118057
105.147 0.000927492 0.117807
105.339 0.000924952 0.117563
105.532 0.000922423 0.117319
105.724 0.000919907 0.117075
105.916 0.000917401 0.11683
106.109 0.000914907 0.116586
106.301 0.000912424 0.116342
106.494 0.000909953 0.116104
106.686 0.000907492 0.115866
106.878 0.000905043 0.115622
107.071 0.000902605 0.115384
107.263 0.000900177 0.115152
107.456 0.000897761 0.114914
107.648 0.000895355 0.114676
107.84 0.00089296 0.114444
108.033 0.000890576 0.114212
108.225 0.000888202 0.113974
108.418 0.000885839 0.113742
108.61 0.000883486 0.113516
108.802 0.000881143 0.113284
108.995 0.000878811 0.113052
109.187 0.000876489 0.112827
109.38 0.000874178 0.112601
109.572 0.000871876 0.112375
109.764 0.000869585 0.112149
109.957 0.000867304 0.111923
110.149 0.000865032 0.111697
110.342 0.000862771 0.111472
110.534 0.000860519 0.111252
110.726 0.000858277 0.111032
110.919 0.000856045 0.110806
111.111 0.000853823 0.110587
111.304 0.00085161 0.110367
111.496 0.000849406 0.110153
111.688 0.000847213 0.109933
111.881 0.000845028 0.10972
112.073 0.000842853 0.1095
112.266 0.000840687 0.109286
112.458 0.000838531 0.109073
112.65 0.000836383 0.108859
112.843 0.000834245 0.108646
113.035 0.000832116 0.108432
113.228 0.000829996 0.108218
113.42 0.000827885 0.108011
113.612 0.000825783 0.107803
113.805 0.00082369 0.10759
113.997 0.000821606 0.107382
114.19 0.00081953 0.107175
114.382 0.000817463 0.106967
114.574 0.000815405 0.106766
114.767 0.000813355 0.106558
114.959 0.000811314 0.106351
115.152 0.000809282 0.106149
115.344 0.000807258 0.105948
115.536 0.000805242 0.10574
115.729 0.000803235 0.105539
115.921 0.000801236 0.105338
116.114 0.000799245 0.105142
116.306 0.000797263 0.104941
116.498 0.000795289 0.104739
116.691 0.000793323 0.104544
116.883 0.000791365 0.104343
117.076 0.000789415 0.104147
117.268 0.000787473 0.103952
117.46 0.000785539 0.103757
117.653 0.000783613 0.103561
117.845 0.000781694 0.103366
118.038 0.000779784 0.103177
118.23 0.000777881 0.102982
118.422 0.000775986 0.102792
118.615 0.000774099 0.102597
118.807 0.00077222 0.102408
119 0.000770348 0.102219
119.192 0.000768483 0.102029
119.384 0.000766626 0.10184
119.577 0.000764777 0.101651
119.769 0.000762935 0.101462
119.962 0.0007611 0.101279
120.154 0.000759273 0.101089
120.346 0.000757453 0.100906
120.539 0.00075564 0.100717
120.731 0.000753834 0.100534
120.924 0.000752036 0.100351
121.116 0.000750245 0.100168
121.308 0.00074846 0.0999847
121.501 0.000746683 0.0998016
121.693 0.000744913 0.0996246
121.886 0.00074315 0.0994415
122.078 0.000741394 0.0992645
122.27 0.000739645 0.0990814
122.463 0.000737902 0.0989044
122.655 0.000736167 0.0987274
122.848 0.000734438 0.0985443
123.04 0.000732716 0.0983673
123.232 0.000731001 0.0981964
123.425 0.000729292 0.0980194
123.617 0.00072759 0.0978424
123.81 0.000725895 0.0976654
124.002 0.000724206 0.0974945
124.194 0.000722524 0.0973175
124.387 0.000720848 0.0971466
124.579 0.000719179 0.0969757
124.772 0.000717516 0.0968048
124.964 0.00071586 0.0966339
125.156 0.00071421 0.096463
125.349 0.000712566 0.0962921
125.541 0.000710929 0.0961212
125.734 0.000709297 0.0959503
125.926 0.000707673 0.0957855
126.118 0.000706054 0.0956146
126.311 0.000704441 0.0954498
126.503 0.000702835 0.0952789
126.696 0.000701234 0.0951141
126.888 0.00069964 0.0949493
127.08 0.000698052 0.0947845
127.273 0.00069647 0.0946198
127.465 0.000694893 0.094455
127.658 0.000693323 0.0942902
127.85 0.000691759 0.0941254
128.042 0.0006902 0.0939667
128.235 0.000688647 0.0938019
128.427 0.0006871 0.0936432
128.62 0.000685559 0.0934784
128.812 0.000684024 0.0933197
129.004 0.000682494 0.093161
129.197 0.00068097 0.0929962
129.389 0.000679452 0.0928375
129.582 0.000677939 0.0926788
129.774 0.000676432 0.0925201
129.966 0.000674931 0.0923676
130.159 0.000673435 0.0922089
130.351 0.000671944 0.0920502
130.544 0.000670459 0.0918976
130.736 0.00066898 0.0917389
130.928 0.000667506 0.0915863
131.121 0.000666037 0.0914276
131.313 0.000664574 0.091275
131.506 0.000663116 0.0911224
131.698 0.000661663 0.0909698
131.89 0.000660216 0.0908173
132.083 0.000658774 0.0906647
132.275 0.000657337 0.0905121
132.468 0.000655906 0.0903595
132.66 0.000654479 0.0902069
132.852 0.000653058 0.0900604
133.045 0.000651642 0.0899078
133.237 0.000650231 0.0897614
133.43 0.000648825 0.0896088
133.622 0.000647424 0.0894623
133.814 0.000646029 0.0893158
134.007 0.000644638 0.0891693
134.199 0.000643252 0.0890167
134.392 0.000641871 0.0888702
134.584 0.000640495 0.0887238
134.776 0.000639124 0.0885834
134.969 0.000637758 0.0884369
135.161 0.000636397 0.0882904
135.354 0.000635041 0.0881439
135.546 0.000633689 0.0880035
135.738 0.000632342 0.0878571
135.931 0.000631 0.0877167
136.123 0.000629663 0.0875702
136.316 0.00062833 0.0874298
136.508 0.000627002 0.0872894
136.7 0.000625679 0.0871429
136.893 0.00062436 0.0870026
137.085 0.000623046 0.0868622
137.278 0.000621737 0.0867218
137.47 0.000620432 0.0865814
137.662 0.000619132 0.0864471
137.855 0.000617836 0.0863068
138.047 0.000616545 0.0861664
138.24 0.000615259 0.086026
138.432 0.000613976 0.0858917
138.624 0.000612699 0.0857513
138.817 0.000611425 0.0856171
139.009 0.000610156 0.0854828
139.202 0.000608892 0.0853424
139.394 0.000607632 0.0852081
139.586 0.000606376 0.0850739
139.779 0.000605124 0.0849396
139.971 0.000603877 0.0848053
140.164 0.000602634 0.084671
140.356 0.000601395 0.0845367
140.548 0.000600161 0.0844025
140.741 0.000598931 0.0842682
140.933 0.000597705 0.0841339
141.126 0.000596483 0.0840057
141.318 0.000595265 0.0838715
141.51 0.000594051 0.0837433
141.703 0.000592842 0.083609
141.895 0.000591637 0.0834808
142.088 0.000590435 0.0833466
142.28 0.000589238 0.0832184
142.472 0.000588045 0.0830902
142.665 0.000586856 0.082962
142.857 0.000585671 0.0828278
143.05 0.00058449 0.0826996
143.242 0.000583312 0.0825714
143.434 0.000582139 0.0824493
143.627 0.00058097 0.0823212
143.819 0.000579804 0.082193
144.012 0.000578643 0.0820648
144.204 0.000577485 0.0819366
144.396 0.000576331 0.0818146
144.589 0.000575181 0.0816864
144.781 0.000574035 0.0815643
144.974 0.000572893 0.0814362
145.166 0.000571754 0.0813141
145.358 0.00057062 0.0811859
145.551 0.000569489 0.0810638
145.743 0.000568361 0.0809418
145.936 0.000567238 0.0808197
146.128 0.000566118 0.0806976
146.32 0.000565002 0.0805756
146.513 0.000563889 0.0804535
146.705 0.00056278 0.0803314
146.898 0.000561675 0.0802094
147.09 0.000560573 0.0800873
147.282 0.000559475 0.0799652
147.475 0.000558381 0.0798431
147.667 0.00055729 0.0797272
147.86 0.000556202 0.0796051
148.052 0.000555119 0.0794891
148.244 0.000554038 0.0793671
148.437 0.000552961 0.0792511
148.629 0.000551888 0.079129
148.822 0.000550818 0.0790131
149.014 0.000549752 0.0788971
149.206 0.000548689 0.078775
149.399 0.000547629 0.0786591
149.591 0.000546573 0.0785431
149.784 0.00054552 0.0784271
149.976 0.000544471 0.0783112
150.168 0.000543425 0.0781952
150.361 0.000542382 0.0780792
150.553 0.000541343 0.0779633
150.746 0.000540307 0.0778473
150.938 0.000539274 0.0777313
151.13 0.000538245 0.0776215
151.323 0.000537218 0.0775055
151.515 0.000536195 0.0773895
151.708 0.000535176 0.0772797
151.9 0.000534159 0.0771637
152.092 0.000533146 0.0770538
152.285 0.000532136 0.0769379
152.477 0.000531129 0.076828
152.67 0.000530125 0.0767181
152.862 0.000529125 0.0766022
153.054 0.000528128 0.0764923
153.247 0.000527133 0.0763824
153.439 0.000526142 0.0762726
153.632 0.000525154 0.0761627
153.824 0.000524169 0.0760529
154.016 0.000523187 0.075943
154.209 0.000522208 0.0758331
154.401 0.000521233 0.0757233
154.594 0.00052026 0.0756134
154.786 0.00051929 0.0755035
154.978 0.000518324 0.0753998
155.171 0.00051736 0.0752899
155.363 0.000516399 0.0751801
155.556 0.000515441 0.0750763
155.748 0.000514487 0.0749664
155.94 0.000513535 0.0748627
156.133 0.000512586 0.0747528
156.325 0.00051164 0.074649
156.518 0.000510697 0.0745392
156.71 0.000509757 0.0744354
156.902 0.000508819 0.0743317
157.095 0.000507885 0.0742279
157.287 0.000506953 0.074118
157.48 0.000506024 0.0740143
157.672 0.000505099 0.0739105
157.864 0.000504175 0.0738068
158.057 0.000503255 0.073703
158.249 0.000502338 0.0735992
158.442 0.000501423 0.0734955
158.634 0.000500511 0.0733917
158.826 0.000499602 0.073288
159.019 0.000498695 0.0731903
159.211 0.000497792 0.0730865
159.404 0.000496891 0.0729828
159.596 0.000495993 0.072879
159.788 0.000495097 0.0727814
159.981 0.000494204 0.0726776
160.173 0.000493314 0.07258
160.366 0.000492426 0.0724762
160.558 0.000491542 0.0723785
160.75 0.000490659 0.0722748
160.943 0.00048978 0.0721771
161.135 0.000488903 0.0720795
161.328 0.000488029 0.0719757
161.52 0.000487157 0.0718781
161.712 0.000486288 0.0717804
161.905 0.000485421 0.0716827
162.097 0.000484557 0.0715851
162.29 0.000483696 0.0714813
162.482 0.000482837 0.0713837
162.674 0.000481981 0.071286
162.867 0.000481127 0.0711884
163.059 0.000480276 0.0710968
163.252 0.000479427 0.0709991
163.444 0.00047858 0.0709015
163.636 0.000477737 0.0708038
163.829 0.000476895 0.0707062
164.021 0.000476057 0.0706146
164.214 0.00047522 0.070517
164.406 0.000474386 0.0704193
164.598 0.000473555 0.0703278
164.791 0.000472726 0.0702301
164.983 0.000471899 0.0701324
165.176 0.000471075 0.0700409
165.368 0.000470253 0.0699493
165.56 0.000469433 0.0698517
165.753 0.000468616 0.0697601
165.945 0.000467802 0.0696625
166.138 0.000466989 0.0695709
166.33 0.000466179 0.0694794
166.522 0.000465371 0.0693878
166.715 0.000464566 0.0692902
166.907 0.000463763 0.0691986
167.1 0.000462962 0.0691071
167.292 0.000462164 0.0690155
167.484 0.000461368 0.068924
167.677 0.000460574 0.0688324
167.869 0.000459782 0.0687408
168.062 0.000458993 0.0686493
168.254 0.000458206 0.0685577
168.446 0.000457421 0.0684662
168.639 0.000456639 0.0683807
168.831 0.000455858 0.0682892
169.024 0.00045508 0.0681976
169.216 0.000454304 0.0681061
169.408 0.000453531 0.0680206
169.601 0.000452759 0.0679291
169.793 0.00045199 0.0678375
169.986 0.000451223 0.0677521
170.178 0.000450458 0.0676605
170.37 0.000449695 0.0675751
170.563 0.000448934 0.0674835
170.755 0.000448176 0.0673981
170.948 0.000447419 0.0673126
171.14 0.000446665 0.0672211
171.332 0.000445913 0.0671356
171.525 0.000445163 0.0670502
171.717 0.000444415 0.0669586
171.91 0.000443669 0.0668732
172.102 0.000442925 0.0667877
172.294 0.000442183 0.0667023
172.487 0.000441444 0.0666168
172.679 0.000440706 0.0665253
172.872 0.000439971 0.0664398
173.064 0.000439237 0.0663544
173.256 0.000438506 0.0662689
173.449 0.000437776 0.0661835
173.641 0.000437049 0.0661041
173.834 0.000436324 0.0660187
174.026 0.0004356 0.0659332
174.218 0.000434879 0.0658478
174.411 0.00043416 0.0657623
174.603 0.000433442 0.0656769
174.796 0.000432727 0.0655975
174.988 0.000432013 0.0655121
175.18 0.000431302 0.0654266
175.373 0.000430592 0.0653473
175.565 0.000429885 0.0652618
175.758 0.000429179 0.0651825
175.95 0.000428475 0.065097
176.142 0.000427773 0.0650116
176.335 0.000427073 0.0649323
176.527 0.000426375 0.0648529
176.72 0.000425679 0.0647675
176.912 0.000424985 0.0646881
177.104 0.000424293 0.0646027
177.297 0.000423602 0.0645233
177.489 0.000422914 0.064444
177.682 0.000422227 0.0643646
177.874 0.000421542 0.0642792
178.066 0.000420859 0.0641998
178.259 0.000420178 0.0641205
178.451 0.000419499 0.0640411
178.644 0.000418821 0.0639618
178.836 0.000418145 0.0638824
179.028 0.000417472 0.0638031
179.221 0.0004168 0.0637238
179.413 0.000416129 0.0636444
179.606 0.000415461 0.0635651
179.798 0.000414794 0.0634857
179.99 0.000414129 0.0634064
180.183 0.000413466 0.063327
180.375 0.000412805 0.0632477
180.568 0.000412145 0.0631683
180.76 0.000411487 0.0630951
180.952 0.000410831 0.0630157
181.145 0.000410177 0.0629364
181.337 0.000409524 0.0628571
181.53 0.000408873 0.0627838
181.722 0.000408224 0.0627045
181.914 0.000407577 0.0626251
182.107 0.000406931 0.0625519
182.299 0.000406287 0.0624725
182.492 0.000405645 0.0623993
182.684 0.000405004 0.0623199
182.876 0.000404365 0.0622467
183.069 0.000403728 0.0621674
183.261 0.000403092 0.0620941
183.454 0.000402458 0.0620209
183.646 0.000401826 0.0619415
183.838 0.000401195 0.0618683
184.031 0.000400566 0.061795
184.223 0.000399939 0.0617157
184.416 0.000399313 0.0616425
184.608 0.000398689 0.0615692
184.8 0.000398067 0.061496
184.993 0.000397446 0.0614227
185.185 0.000396827 0.0613434
185.378 0.000396209 0.0612701
185.57 0.000395593 0.0611969
185.762 0.000394979 0.0611237
185.955 0.000394366 0.0610504
186.147 0.000393755 0.0609772
186.34 0.000393145 0.0609039
186.532 0.000392537 0.0608307
186.724 0.00039193 0.0607574
186.917 0.000391325 0.0606842
187.109 0.000390722 0.0606171
187.302 0.00039012 0.0605438
187.494 0.00038952 0.0604706
187.686 0.000388921 0.0603973
187.879 0.000388324 0.0603241
188.071 0.000387728 0.060257
188.264 0.000387134 0.0601837
188.456 0.000386541 0.0601105
188.648 0.00038595 0.0600433
188.841 0.00038536 0.0599701
189.033 0.000384772 0.0598969
189.226 0.000384185 0.0598297
189.418 0.0003836 0.0597565
189.61 0.000383017 0.0596893
189.803 0.000382434 0.0596161
189.995 0.000381854 0.059549
190.188 0.000381274 0.0594757
190.38 0.000380697 0.0594086
190.572 0.00038012 0.0593353
190.765 0.000379545 0.0592682
190.957 0.000378972 0.0591949
191.15 0.0003784 0.0591278
191.342 0.000377829 0.0590607
191.534 0.00037726 0.0589935
191.727 0.000376692 0.0589203
191.919 0.000376126 0.0588531
192.112 0.000375561 0.058786
192.304 0.000374998 0.0587189
192.496 0.000374436 0.0586456
192.689 0.000373875 0.0585785
192.881 0.000373316 0.0585114
193.074 0.000372758 0.0584442
193.266 0.000372201 0.0583771
193.458 0.000371646 0.0583099
193.651 0.000371093 0.0582428
193.843 0.00037054 0.0581757
194.036 0.000369989 0.0581085
194.228 0.00036944 0.0580414
194.42 0.000368891 0.0579742
194.613 0.000368345 0.0579071
194.805 0.000367799 0.05784
194.998 0.000367255 0.0577728
195.19 0.000366712 0.0577057
195.382 0.00036617 0.0576447
195.575 0.00036563 0.0575775
195.767 0.000365091 0.0575104
195.96 0.000364554 0.0574432
196.152 0.000364018 0.0573822
196.344 0.000363483 0.0573151
196.537 0.000362949 0.0572479
196.729 0.000362417 0.0571869
196.922 0.000361886 0.0571198
197.114 0.000361356 0.0570526
197.306 0.000360828 0.0569916
197.499 0.000360301 0.0569244
197.691 0.000359775 0.0568634
197.884 0.00035925 0.0567963
198.076 0.000358727 0.0567291
198.268 0.000358205 0.0566681
198.461 0.000357684 0.0566071
198.653 0.000357165 0.0565399
198.846 0.000356646 0.0564789
199.038 0.000356129 0.0564117
199.23 0.000355614 0.0563507
199.423 0.000355099 0.0562897
199.615 0.000354586 0.0562225
199.808 0.000354074 0.0561615
200 0.000353563 0.0561005
