7.6 -0.0551124 3.05176e-06
7.7924 -0.0530839 3.05176e-06
7.9848 -0.0443205 1.84745
8.1772 -0.0427655 1.79483
8.3696 -0.0412994 1.7452
8.562 -0.0399151 1.69829
8.7544 -0.0386066 1.65384
8.9468 -0.0373679 1.61166
9.1392 -0.0361941 1.57155
9.3316 -0.0350806 1.53336
9.524 -0.0340229 1.49695
9.7164 -0.0330174 1.46219
9.9088 -0.0320604 1.42896
10.1012 -0.0311488 1.39716
10.2936 -0.0302796 1.36669
10.486 -0.0294501 1.33749
10.6784 -0.0286577 1.30945
10.8708 -0.0279003 1.28252
11.0632 -0.0271756 1.25662
11.2556 -0.0264818 1.23172
11.448 -0.0258171 1.20773
11.6404 -0.0251796 1.18461
11.8328 -0.024568 1.16232
12.0252 -0.0239807 1.14082
12.2176 -0.0234165 1.12006
12.41 -0.0228741 1.1
12.6024 -0.0223523 1.08061
12.7948 -0.02185 1.06186
12.9872 -0.0213662 1.04371
13.1796 -0.0209001 1.02614
13.372 -0.0204506 1.00912
13.5644 -0.0200171 0.992626
13.7568 -0.0195986 0.976627
13.9492 -0.0191945 0.961109
14.1416 -0.0188042 0.946049
14.334 -0.0184268 0.931431
14.5264 -0.018062 0.917225
14.7188 -0.017709 0.903423
14.9112 -0.0173673 0.890013
15.1036 -0.0170365 0.876966
15.296 -0.0167161 0.86427
15.4884 -0.0164056 0.851918
15.6808 -0.0161046 0.839894
15.8732 -0.0158127 0.828187
16.0656 -0.0155295 0.816775
16.258 -0.0152546 0.805658
16.4504 -0.0149878 0.794821
16.6428 -0.0147286 0.78425
16.8352 -0.0144769 0.773941
17.0276 -0.0142322 0.763889
17.22 -0.0139943 0.754068
17.4124 -0.013763 0.744485
17.6048 -0.013538 0.735129
17.7972 -0.0133191 0.725992
17.9896 -0.013106 0.717062
18.182 -0.0128985 0.708334
18.3744 -0.0126965 0.6998
18.5668 -0.0124996 0.691463
18.7592 -0.0123078 0.683303
18.9516 -0.0121209 0.675324
19.144 -0.0119386 0.667516
19.3364 -0.0117609 0.659874
19.5288 -0.0115875 0.652397
19.7212 -0.0114183 0.645075
19.9136 -0.0112533 0.637902
20.106 -0.0110921 0.630874
20.2984 -0.0109348 0.623996
20.4908 -0.0107811 0.61725
20.6832 -0.0106311 0.610644
20.8756 -0.0104844 0.604166
21.068 -0.0103411 0.597816
21.2604 -0.0102011 0.591591
21.4528 -0.0100642 0.585475
21.6452 -0.00993027 0.579488
21.8376 -0.00979933 0.57361
22.03 -0.00967123 0.567842
22.2224 -0.00954591 0.562175
22.4148 -0.00942327 0.556618
22.6072 -0.00930323 0.551161
22.7996 -0.00918572 0.545805
22.992 -0.00907066 0.540541
23.1844 -0.00895798 0.535368
23.3768 -0.00884762 0.530296
23.5692 -0.0087395 0.525307
23.7616 -0.00863357 0.520409
23.954 -0.00852977 0.515584
24.1464 -0.00842802 0.510851
24.3388 -0.00832828 0.50619
24.5312 -0.0082305 0.501613
24.7236 -0.00813461 0.497112
24.916 -0.00804057 0.492687
25.1084 -0.00794833 0.488331
25.3008 -0.00785784 0.484051
25.4932 -0.00776905 0.479839
25.6856 -0.00768193 0.475689
25.878 -0.00759642 0.471607
26.0704 -0.00751248 0.467594
26.2628 -0.00743008 0.463634
26.4552 -0.00734917 0.459743
26.6476 -0.00726972 0.455914
26.84 -0.0071917 0.452137
27.0324 -0.00711505 0.448421
27.2248 -0.00703977 0.444767
27.4172 -0.00696579 0.441158
27.6096 -0.00689311 0.437611
27.802 -0.00682168 0.434109
27.9944 -0.00675148 0.430668
28.1868 -0.00668247 0.427265
28.3792 -0.00661463 0.423923
28.5716 -0.00654793 0.42062
28.764 -0.00648234 0.41737
28.9564 -0.00641784 0.414165
29.1488 -0.0063544 0.411007
29.3412 -0.00629201 0.407887
29.5336 -0.00623062 0.404812
29.726 -0.00617023 0.401783
29.9184 -0.00611081 0.398795
30.1108 -0.00605233 0.395847
30.3032 -0.00599478 0.392941
30.4956 -0.00593814 0.390073
30.688 -0.00588239 0.387241
30.8804 -0.0058275 0.384451
31.0728 -0.00577346 0.381699
31.2652 -0.00572025 0.378976
31.4576 -0.00566785 0.376291
31.65 -0.00561625 0.373648
31.8424 -0.00556542 0.37103
32.0348 -0.00551536 0.368448
32.2272 -0.00546604 0.365903
32.4196 -0.00541746 0.363388
32.612 -0.00536959 0.360904
32.8044 -0.00532242 0.35845
32.9968 -0.00527594 0.356027
33.1892 -0.00523013 0.353641
33.3816 -0.00518498 0.351279
33.574 -0.00514047 0.348941
33.7664 -0.0050966 0.34664
33.9588 -0.00505335 0.344363
34.1512 -0.0050107 0.342111
34.3436 -0.00496866 0.33989
34.536 -0.0049272 0.337692
34.7284 -0.00488631 0.335519
34.9208 -0.00484598 0.333377
35.1132 -0.00480621 0.331259
35.3056 -0.00476697 0.329166
35.498 -0.00472827 0.327097
35.6904 -0.00469009 0.325046
35.8828 -0.00465242 0.323026
36.0752 -0.00461525 0.321024
36.2676 -0.00457858 0.319046
36.46 -0.00454238 0.317093
36.6524 -0.00450666 0.315158
36.8448 -0.00447141 0.313248
37.0372 -0.00443661 0.311356
37.2296 -0.00440227 0.309488
37.422 -0.00436836 0.307639
37.6144 -0.00433489 0.305814
37.8068 -0.00430184 0.304001
37.9992 -0.00426921 0.302213
38.1916 -0.00423699 0.300443
38.384 -0.00420518 0.298695
38.5764 -0.00417376 0.296965
38.7688 -0.00414272 0.295253
38.9612 -0.00411208 0.29355
39.1536 -0.0040818 0.291875
39.346 -0.0040519 0.290218
39.5384 -0.00402236 0.28857
39.7308 -0.00399318 0.286949
39.9232 -0.00396435 0.285338
40.1156 -0.00393587 0.283745
40.308 -0.00390772 0.28217
40.5004 -0.00387991 0.280614
40.6928 -0.00385242 0.279066
40.8852 -0.00382526 0.277538
41.0776 -0.00379842 0.276027
41.27 -0.00377189 0.274525
41.4624 -0.00374567 0.273042
41.6548 -0.00371975 0.271568
41.8472 -0.00369412 0.270122
42.0396 -0.00366879 0.268675
42.232 -0.00364375 0.267256
42.4244 -0.00361899 0.265837
42.6168 -0.00359451 0.264445
42.8092 -0.00357031 0.263054
43.0016 -0.00354637 0.261681
43.194 -0.00352271 0.260326
43.3864 -0.0034993 0.25898
43.5788 -0.00347615 0.257643
43.7712 -0.00345326 0.256325
43.9636 -0.00343062 0.255016
44.156 -0.00340822 0.253725
44.3484 -0.00338606 0.252443
44.5408 -0.00336415 0.25117
44.7332 -0.00334247 0.249907
44.9256 -0.00332102 0.248662
45.118 -0.0032998 0.247417
45.3104 -0.00327881 0.24619
45.5028 -0.00325803 0.244981
45.6952 -0.00323748 0.243773
45.8876 -0.00321714 0.242583
46.08 -0.00319701 0.241402
46.2724 -0.00317709 0.24023
46.4648 -0.00315738 0.239067
46.6572 -0.00313787 0.237914
46.8496 -0.00311856 0.236769
47.042 -0.00309945 0.235643
47.2344 -0.00308053 0.234517
47.4268 -0.00306181 0.233409
47.6192 -0.00304327 0.23231
47.8116 -0.00302492 0.231212
48.004 -0.00300675 0.230132
48.1964 -0.00298877 0.22906
48.3888 -0.00297096 0.227989
48.5812 -0.00295333 0.226936
48.7736 -0.00293587 0.225893
48.966 -0.00291859 0.224849
49.1584 -0.00290147 0.223824
49.3508 -0.00288452 0.222807
49.5432 -0.00286773 0.221791
49.7356 -0.00285111 0.220784
49.928 -0.00283464 0.219795
50.1204 -0.00281834 0.218806
50.3128 -0.00280219 0.217827
50.5052 -0.00278619 0.216856
50.6976 -0.00277035 0.215895
50.89 -0.00275465 0.214934
51.0824 -0.0027391 0.213991
51.2748 -0.0027237 0.213048
51.4672 -0.00270844 0.212114
51.6596 -0.00269333 0.211189
51.852 -0.00267835 0.210274
52.0444 -0.00266351 0.209358
52.2368 -0.00264881 0.208461
52.4292 -0.00263425 0.207564
52.6216 -0.00261981 0.206676
52.814 -0.00260551 0.205788
53.0064 -0.00259134 0.204918
53.1988 -0.00257729 0.204048
53.3912 -0.00256338 0.203188
53.5836 -0.00254958 0.202327
53.776 -0.00253591 0.201485
53.9684 -0.00252236 0.200642
54.1608 -0.00250894 0.199802
54.3532 -0.00249563 0.198972
54.5456 -0.00248243 0.198148
54.738 -0.00246936 0.197336
54.9304 -0.0024564 0.196524
55.1228 -0.00244355 0.195718
55.3152 -0.00243081 0.194919
55.5076 -0.00241818 0.194125
55.7 -0.00240566 0.193338
55.8924 -0.00239325 0.192557
56.0848 -0.00238095 0.191782
56.2772 -0.00236875 0.191013
56.4696 -0.00235666 0.19025
56.662 -0.00234466 0.189493
56.8544 -0.00233277 0.188736
57.0468 -0.00232098 0.187991
57.2392 -0.00230929 0.187247
57.4316 -0.0022977 0.186514
57.624 -0.0022862 0.185782
57.8164 -0.0022748 0.185056
58.0088 -0.00226349 0.184335
58.2012 -0.00225228 0.183615
58.3936 -0.00224115 0.182907
58.586 -0.00223012 0.182199
58.7784 -0.00221918 0.181497
58.9708 -0.00220833 0.180801
59.1632 -0.00219757 0.180112
59.3556 -0.00218689 0.179422
59.548 -0.0021763 0.178745
59.7404 -0.0021658 0.178067
59.9328 -0.00215538 0.177396
60.1252 -0.00214504 0.176724
60.3176 -0.00213479 0.176065
60.51 -0.00212461 0.175406
60.7024 -0.00211452 0.174753
60.8948 -0.00210451 0.1741
61.0872 -0.00209457 0.173453
61.2796 -0.00208472 0.172812
61.472 -0.00207494 0.172177
61.6644 -0.00206524 0.171548
61.8568 -0.00205561 0.17092
62.0492 -0.00204605 0.170291
62.2416 -0.00203658 0.169675
62.434 -0.00202717 0.169058
62.6264 -0.00201784 0.168448
62.8188 -0.00200857 0.167838
63.0112 -0.00199938 0.167233
63.2036 -0.00199026 0.166635
63.396 -0.00198121 0.166037
63.5884 -0.00197222 0.165451
63.7808 -0.0019633 0.164859
63.9732 -0.00195445 0.164273
64.1656 -0.00194567 0.163693
64.358 -0.00193695 0.16312
64.5504 -0.0019283 0.162546
64.7428 -0.00191971 0.161978
64.9352 -0.00191119 0.161411
65.1276 -0.00190272 0.160849
65.32 -0.00189432 0.160287
65.5124 -0.00188599 0.159732
65.7048 -0.00187771 0.159183
65.8972 -0.00186949 0.158633
66.0896 -0.00186133 0.15809
66.282 -0.00185324 0.157547
66.4744 -0.0018452 0.15701
66.6668 -0.00183721 0.156473
66.8592 -0.00182929 0.155942
67.0516 -0.00182142 0.155417
67.244 -0.00181361 0.154892
67.4364 -0.00180586 0.154367
67.6288 -0.00179816 0.153854
67.8212 -0.00179051 0.153336
68.0136 -0.00178292 0.152823
68.206 -0.00177538 0.152316
68.3984 -0.0017679 0.15181
68.5908 -0.00176046 0.151303
68.7832 -0.00175308 0.150809
68.9756 -0.00174575 0.150308
69.168 -0.00173847 0.149814
69.3604 -0.00173125 0.149326
69.5528 -0.00172407 0.148837
69.7452 -0.00171694 0.148349
69.9376 -0.00170986 0.147867
70.13 -0.00170283 0.147391
70.3224 -0.00169585 0.146915
70.5148 -0.00168891 0.146439
70.7072 -0.00168202 0.145969
70.8996 -0.00167518 0.145499
71.092 -0.00166838 0.145035
71.2844 -0.00166163 0.144571
71.4768 -0.00165493 0.144113
71.6692 -0.00164827 0.143655
71.8616 -0.00164166 0.143198
72.054 -0.00163509 0.142746
72.2464 -0.00162856 0.142294
72.4388 -0.00162208 0.141849
72.6312 -0.00161564 0.141403
72.8236 -0.00160924 0.140964
73.016 -0.00160288 0.140524
73.2084 -0.00159657 0.140085
73.4008 -0.00159029 0.139651
73.5932 -0.00158406 0.139218
73.7856 -0.00157787 0.138791
73.978 -0.00157172 0.138364
74.1704 -0.00156561 0.137936
74.3628 -0.00155954 0.137515
74.5552 -0.0015535 0.137094
74.7476 -0.00154751 0.136679
74.94 -0.00154156 0.136264
75.1324 -0.00153564 0.135849
75.3248 -0.00152976 0.135434
75.5172 -0.00152392 0.135025
75.7096 -0.00151811 0.134622
75.902 -0.00151234 0.134219
76.0944 -0.00150661 0.133817
76.2868 -0.00150092 0.133414
76.4792 -0.00149526 0.133017
76.6716 -0.00148963 0.13262
76.864 -0.00148404 0.13223
77.0564 -0.00147849 0.131839
77.2488 -0.00147297 0.131448
77.4412 -0.00146748 0.131058
77.6336 -0.00146203 0.130673
77.826 -0.00145661 0.130289
78.0184 -0.00145123 0.12991
78.2108 -0.00144588 0.129532
78.4032 -0.00144056 0.129153
78.5956 -0.00143527 0.128781
78.788 -0.00143002 0.128409
78.9804 -0.0014248 0.128036
79.1728 -0.00141961 0.127664
79.3652 -0.00141445 0.127298
79.5576 -0.00140932 0.126932
79.75 -0.00140423 0.126572
79.9424 -0.00139916 0.126205
80.1348 -0.00139413 0.125845
80.3272 -0.00138912 0.125491
80.5196 -0.00138414 0.125137
80.712 -0.0013792 0.124777
80.9044 -0.00137428 0.124429
81.0968 -0.00136939 0.124075
81.2892 -0.00136454 0.123727
81.4816 -0.00135971 0.12338
81.674 -0.0013549 0.123038
81.8664 -0.00135013 0.12269
82.0588 -0.00134539 0.122348
82.2512 -0.00134067 0.122012
82.4436 -0.00133598 0.121671
82.636 -0.00133132 0.121335
82.8284 -0.00132668 0.120999
83.0208 -0.00132207 0.12067
83.2132 -0.00131749 0.120334
83.4056 -0.00131293 0.120004
83.598 -0.0013084 0.119675
83.7904 -0.0013039 0.119351
83.9828 -0.00129942 0.119028
84.1752 -0.00129497 0.118704
84.3676 -0.00129054 0.118381
84.56 -0.00128614 0.118057
84.7524 -0.00128177 0.11774
84.9448 -0.00127741 0.117422
85.1372 -0.00127309 0.117105
85.3296 -0.00126878 0.116794
85.522 -0.00126451 0.116483
85.7144 -0.00126025 0.116171
85.9068 -0.00125602 0.11586
86.0992 -0.00125181 0.115555
86.2916 -0.00124763 0.115244
86.484 -0.00124347 0.114938
86.6764 -0.00123933 0.114639
86.8688 -0.00123522 0.114334
87.0612 -0.00123112 0.114035
87.2536 -0.00122705 0.113736
87.446 -0.00122301 0.113437
87.6384 -0.00121898 0.113138
87.8308 -0.00121498 0.112845
88.0232 -0.001211 0.112552
88.2156 -0.00120704 0.112259
88.408 -0.0012031 0.111966
88.6004 -0.00119919 0.111679
88.7928 -0.00119529 0.111386
88.9852 -0.00119142 0.111099
89.1776 -0.00118756 0.110818
89.37 -0.00118373 0.110532
89.5624 -0.00117992 0.110251
89.7548 -0.00117613 0.10997
89.9472 -0.00117236 0.109689
90.1396 -0.0011686 0.109409
90.332 -0.00116487 0.109128
90.5244 -0.00116116 0.108853
90.7168 -0.00115747 0.108578
90.9092 -0.0011538 0.108304
91.1016 -0.00115015 0.108029
91.294 -0.00114651 0.107761
91.4864 -0.0011429 0.107492
91.6788 -0.0011393 0.107217
91.8712 -0.00113573 0.106955
92.0636 -0.00113217 0.106686
92.256 -0.00112863 0.106418
92.4484 -0.00112511 0.106155
92.6408 -0.0011216 0.105893
92.8332 -0.00111812 0.10563
93.0256 -0.00111465 0.105368
93.218 -0.0011112 0.105112
93.4104 -0.00110777 0.104849
93.6028 -0.00110436 0.104593
93.7952 -0.00110096 0.104337
93.9876 -0.00109759 0.10408
94.18 -0.00109422 0.10383
94.3724 -0.00109088 0.103574
94.5648 -0.00108755 0.103323
94.7572 -0.00108424 0.103073
94.9496 -0.00108095 0.102823
95.142 -0.00107767 0.102579
95.3344 -0.00107441 0.102328
95.5268 -0.00107117 0.102084
95.7192 -0.00106794 0.10184
95.9116 -0.00106473 0.101596
96.104 -0.00106153 0.101352
96.2964 -0.00105835 0.101108
96.4888 -0.00105519 0.10087
96.6812 -0.00105204 0.100626
96.8736 -0.00104891 0.100388
97.066 -0.00104579 0.10015
97.2584 -0.00104269 0.0999115
97.4508 -0.00103961 0.0996796
97.6432 -0.00103654 0.0994415
97.8356 -0.00103348 0.0992096
98.028 -0.00103044 0.0989777
98.2204 -0.00102741 0.0987457
98.4128 -0.0010244 0.0985138
98.6052 -0.00102141 0.0982819
98.7976 -0.00101842 0.098056
98.99 -0.00101546 0.0978241
99.1824 -0.0010125 0.0975983
99.3748 -0.00100956 0.0973724
