7.6 -0.0562631 3.05176e-06
7.7924 -0.0541511 3.05176e-06
7.9848 -0.0521684 3.05176e-06
8.1772 -0.0503042 3.05176e-06
8.3696 -0.0485488 3.05176e-06
8.562 -0.0468935 3.05176e-06
8.7544 -0.0453304 3.05176e-06
8.9468 -0.0438525 3.05176e-06
9.1392 -0.0368555 1.30708
9.3316 -0.0357018 1.27107
9.524 -0.0346071 1.23722
9.7164 -0.0335675 1.20528
9.9088 -0.032579 1.17505
10.1012 -0.0316383 1.14636
10.2936 -0.030742 1.11908
10.486 -0.0298875 1.09308
10.6784 -0.0290719 1.06827
10.8708 -0.0282928 1.04456
11.0632 -0.027548 1.02186
11.2556 -0.0268354 1.00012
11.448 -0.0261531 0.979252
11.6404 -0.0254993 0.959209
11.8328 -0.0248723 0.939945
12.0252 -0.0242707 0.921406
12.2176 -0.023693 0.903561
12.41 -0.0231379 0.88636
12.6024 -0.0226042 0.869764
12.7948 -0.0220907 0.853751
12.9872 -0.0215964 0.838288
13.1796 -0.0211204 0.823339
13.372 -0.0206616 0.808886
13.5644 -0.0202192 0.794901
13.7568 -0.0197924 0.781357
13.9492 -0.0193804 0.768246
14.1416 -0.0189826 0.755533
14.334 -0.0185982 0.74321
14.5264 -0.0182266 0.731253
14.7188 -0.0178672 0.71965
14.9112 -0.0175196 0.708383
15.1036 -0.0171831 0.697439
15.296 -0.0168572 0.686801
15.4884 -0.0165415 0.676461
15.6808 -0.0162356 0.666405
15.8732 -0.015939 0.656621
16.0656 -0.0156513 0.647099
16.258 -0.0153722 0.637828
16.4504 -0.0151014 0.628797
16.6428 -0.0148383 0.620001
16.8352 -0.0145829 0.611429
17.0276 -0.0143347 0.603071
17.22 -0.0140935 0.594914
17.4124 -0.0138589 0.586967
17.6048 -0.0136309 0.579204
17.7972 -0.013409 0.571632
17.9896 -0.013193 0.564235
18.182 -0.0129829 0.557021
18.3744 -0.0127782 0.549962
18.5668 -0.0125789 0.543068
18.7592 -0.0123847 0.53633
18.9516 -0.0121954 0.529747
19.144 -0.012011 0.523302
19.3364 -0.0118311 0.517003
19.5288 -0.0116557 0.510841
19.7212 -0.0114846 0.504817
19.9136 -0.0113177 0.498913
20.106 -0.0111547 0.493137
20.2984 -0.0109957 0.487476
20.4908 -0.0108403 0.481937
20.6832 -0.0106887 0.476513
20.8756 -0.0105405 0.471195
21.068 -0.0103957 0.465984
21.2604 -0.0102542 0.46088
21.4528 -0.0101159 0.455875
21.6452 -0.00998064 0.45097
21.8376 -0.00984841 0.446156
22.03 -0.00971907 0.441433
22.2224 -0.00959253 0.436802
22.4148 -0.00946873 0.432255
22.6072 -0.00934756 0.427799
22.7996 -0.00922897 0.42342
22.992 -0.00911286 0.419125
23.1844 -0.00899916 0.414906
23.3768 -0.00888782 0.410763
23.5692 -0.00877875 0.406696
23.7616 -0.0086719 0.402699
23.954 -0.0085672 0.398776
24.1464 -0.0084646 0.394919
24.3388 -0.00836403 0.391129
24.5312 -0.00826543 0.387399
24.7236 -0.00816876 0.383737
24.916 -0.00807396 0.380142
25.1084 -0.00798098 0.376602
25.3008 -0.00788978 0.373117
25.4932 -0.0078003 0.369699
25.6856 -0.0077125 0.36633
25.878 -0.00762633 0.363016
26.0704 -0.00754176 0.359756
26.2628 -0.00745875 0.356552
26.4552 -0.00737724 0.353397
26.6476 -0.00729722 0.35029
26.84 -0.00721863 0.347232
27.0324 -0.00714144 0.344223
27.2248 -0.00706562 0.341263
27.4172 -0.00699113 0.338345
27.6096 -0.00691794 0.335471
27.802 -0.00684602 0.332645
27.9944 -0.00677534 0.329855
28.1868 -0.00670587 0.327109
28.3792 -0.00663758 0.324405
28.5716 -0.00657045 0.321738
28.764 -0.00650443 0.319113
28.9564 -0.00643952 0.316525
29.1488 -0.00637568 0.313974
29.3412 -0.00631289 0.311459
29.5336 -0.00625112 0.308981
29.726 -0.00619036 0.30654
29.9184 -0.00613057 0.304135
30.1108 -0.00607174 0.301755
30.3032 -0.00601385 0.299419
30.4956 -0.00595687 0.297102
30.688 -0.00590078 0.294832
30.8804 -0.00584558 0.29258
31.0728 -0.00579122 0.290364
31.2652 -0.00573771 0.288176
31.4576 -0.00568501 0.286015
31.65 -0.00563312 0.283891
31.8424 -0.00558202 0.281786
32.0348 -0.00553168 0.279716
32.2272 -0.00548209 0.277675
32.4196 -0.00543324 0.275652
32.612 -0.00538512 0.273656
32.8044 -0.0053377 0.271687
32.9968 -0.00529097 0.269746
33.1892 -0.00524492 0.267824
33.3816 -0.00519954 0.265938
33.574 -0.0051548 0.264061
33.7664 -0.00511071 0.262221
33.9588 -0.00506724 0.26039
34.1512 -0.00502438 0.258586
34.3436 -0.00498213 0.25681
34.536 -0.00494046 0.255052
34.7284 -0.00489938 0.253313
34.9208 -0.00485886 0.251601
35.1132 -0.00481889 0.249907
35.3056 -0.00477947 0.248232
35.498 -0.00474059 0.246574
35.6904 -0.00470223 0.244936
35.8828 -0.00466438 0.243324
36.0752 -0.00462704 0.241722
36.2676 -0.0045902 0.240147
36.46 -0.00455384 0.238582
36.6524 -0.00451797 0.237044
36.8448 -0.00448256 0.235515
37.0372 -0.00444761 0.234004
37.2296 -0.00441311 0.232521
37.422 -0.00437906 0.231038
37.6144 -0.00434544 0.229582
37.8068 -0.00431225 0.228145
37.9992 -0.00427948 0.226717
38.1916 -0.00424713 0.225307
38.384 -0.00421518 0.223915
38.5764 -0.00418363 0.222533
38.7688 -0.00415247 0.221169
38.9612 -0.0041217 0.219823
39.1536 -0.0040913 0.218486
39.346 -0.00406128 0.217168
39.5384 -0.00403162 0.215858
39.7308 -0.00400233 0.214568
39.9232 -0.00397338 0.213286
40.1156 -0.00394479 0.212022
40.308 -0.00391653 0.210768
40.5004 -0.00388861 0.209523
40.6928 -0.00386103 0.208296
40.8852 -0.00383376 0.207088
41.0776 -0.00380682 0.205888
41.27 -0.00378019 0.204698
41.4624 -0.00375387 0.203517
41.6548 -0.00372785 0.202354
41.8472 -0.00370214 0.201201
42.0396 -0.00367672 0.200056
42.232 -0.00365158 0.198923
42.4244 -0.00362674 0.197806
42.6168 -0.00360217 0.196695
42.8092 -0.00357788 0.195602
43.0016 -0.00355386 0.19451
43.194 -0.00353011 0.193436
43.3864 -0.00350663 0.192368
43.5788 -0.0034834 0.191318
43.7712 -0.00346043 0.190268
43.9636 -0.00343771 0.189236
44.156 -0.00341524 0.188211
44.3484 -0.00339301 0.187192
44.5408 -0.00337102 0.186185
44.7332 -0.00334927 0.18519
44.9256 -0.00332775 0.184201
45.118 -0.00330646 0.183224
45.3104 -0.0032854 0.182254
45.5028 -0.00326456 0.181296
45.6952 -0.00324394 0.180344
45.8876 -0.00322354 0.179404
46.08 -0.00320335 0.17847
46.2724 -0.00318337 0.177542
46.4648 -0.00316359 0.176627
46.6572 -0.00314403 0.175717
46.8496 -0.00312466 0.174814
47.042 -0.00310549 0.173923
47.2344 -0.00308651 0.173038
47.4268 -0.00306773 0.172165
47.6192 -0.00304914 0.171292
47.8116 -0.00303074 0.170432
48.004 -0.00301252 0.169577
48.1964 -0.00299448 0.168735
48.3888 -0.00297662 0.167892
48.5812 -0.00295894 0.167062
48.7736 -0.00294143 0.166238
48.966 -0.00292409 0.165421
49.1584 -0.00290693 0.164609
49.3508 -0.00288993 0.163809
49.5432 -0.0028731 0.16301
49.7356 -0.00285643 0.162222
49.928 -0.00283992 0.161441
50.1204 -0.00282357 0.16066
50.3128 -0.00280737 0.159891
50.5052 -0.00279134 0.159128
50.6976 -0.00277545 0.158371
50.89 -0.00275971 0.15762
51.0824 -0.00274412 0.156876
51.2748 -0.00272868 0.156137
51.4672 -0.00271338 0.155405
51.6596 -0.00269823 0.154678
51.852 -0.00268321 0.153958
52.0444 -0.00266833 0.153244
52.2368 -0.0026536 0.152536
52.4292 -0.00263899 0.151834
52.6216 -0.00262452 0.151132
52.814 -0.00261018 0.150443
53.0064 -0.00259598 0.149753
53.1988 -0.0025819 0.149075
53.3912 -0.00256794 0.148398
53.5836 -0.00255412 0.147726
53.776 -0.00254041 0.147061
53.9684 -0.00252683 0.146402
54.1608 -0.00251337 0.145749
54.3532 -0.00250003 0.145096
54.5456 -0.00248681 0.144455
54.738 -0.0024737 0.143814
54.9304 -0.00246071 0.143179
55.1228 -0.00244783 0.142551
55.3152 -0.00243506 0.141922
55.5076 -0.00242241 0.141306
55.7 -0.00240986 0.140689
55.8924 -0.00239742 0.140079
56.0848 -0.00238509 0.139468
56.2772 -0.00237286 0.13887
56.4696 -0.00236074 0.138272
56.662 -0.00234872 0.13768
56.8544 -0.0023368 0.137088
57.0468 -0.00232499 0.136508
57.2392 -0.00231327 0.135928
57.4316 -0.00230165 0.135349
57.624 -0.00229013 0.134781
57.8164 -0.0022787 0.134213
58.0088 -0.00226737 0.133652
58.2012 -0.00225613 0.13309
58.3936 -0.00224499 0.132535
58.586 -0.00223393 0.131985
58.7784 -0.00222297 0.131436
58.9708 -0.0022121 0.130893
59.1632 -0.00220131 0.130356
59.3556 -0.00219061 0.129819
59.548 -0.00218 0.129288
59.7404 -0.00216947 0.128763
59.9328 -0.00215903 0.128238
60.1252 -0.00214868 0.127713
60.3176 -0.0021384 0.1272
60.51 -0.00212821 0.126688
60.7024 -0.0021181 0.126175
60.8948 -0.00210806 0.125668
61.0872 -0.00209811 0.125168
61.2796 -0.00208823 0.124667
61.472 -0.00207844 0.124173
61.6644 -0.00206871 0.123679
61.8568 -0.00205907 0.12319
62.0492 -0.0020495 0.122708
62.2416 -0.00204 0.122226
62.434 -0.00203058 0.121744
62.6264 -0.00202122 0.121268
62.8188 -0.00201194 0.120798
63.0112 -0.00200273 0.120328
63.2036 -0.0019936 0.119864
63.396 -0.00198453 0.1194
63.5884 -0.00197553 0.118936
63.7808 -0.00196659 0.118484
63.9732 -0.00195773 0.118027
64.1656 -0.00194893 0.117575
64.358 -0.00194019 0.11713
64.5504 -0.00193153 0.116684
64.7428 -0.00192292 0.116245
64.9352 -0.00191438 0.115805
65.1276 -0.00190591 0.115366
65.32 -0.00189749 0.114932
65.5124 -0.00188914 0.114505
65.7048 -0.00188085 0.114072
65.8972 -0.00187261 0.113651
66.0896 -0.00186444 0.113229
66.282 -0.00185633 0.112808
66.4744 -0.00184828 0.112387
66.6668 -0.00184028 0.111978
66.8592 -0.00183235 0.111563
67.0516 -0.00182447 0.111154
67.244 -0.00181664 0.110745
67.4364 -0.00180887 0.110342
67.6288 -0.00180116 0.10994
67.8212 -0.0017935 0.109543
68.0136 -0.0017859 0.109146
68.206 -0.00177835 0.108749
68.3984 -0.00177085 0.108359
68.5908 -0.00176341 0.107968
68.7832 -0.00175601 0.107584
68.9756 -0.00174867 0.107199
69.168 -0.00174138 0.106815
69.3604 -0.00173414 0.106436
69.5528 -0.00172696 0.106058
69.7452 -0.00171982 0.105685
69.9376 -0.00171272 0.105313
70.13 -0.00170568 0.104941
70.3224 -0.00169869 0.104575
70.5148 -0.00169174 0.104208
70.7072 -0.00168485 0.103842
70.8996 -0.00167799 0.103482
71.092 -0.00167119 0.103122
71.2844 -0.00166443 0.102762
71.4768 -0.00165771 0.102408
71.6692 -0.00165105 0.102054
71.8616 -0.00164442 0.101706
72.054 -0.00163784 0.101352
72.2464 -0.00163131 0.101004
72.4388 -0.00162481 0.100662
72.6312 -0.00161836 0.10032
72.8236 -0.00161196 0.0999786
73.016 -0.00160559 0.0996368
73.2084 -0.00159927 0.0993011
73.4008 -0.00159299 0.0989655
73.5932 -0.00158675 0.0986359
73.7856 -0.00158055 0.0983002
73.978 -0.00157439 0.0979706
74.1704 -0.00156827 0.0976471
74.3628 -0.00156219 0.0973175
74.5552 -0.00155615 0.096994
74.7476 -0.00155015 0.0966705
74.94 -0.00154418 0.0963531
75.1324 -0.00153826 0.0960358
75.3248 -0.00153237 0.0957184
75.5172 -0.00152652 0.095401
75.7096 -0.00152071 0.0950897
75.902 -0.00151493 0.0947784
76.0944 -0.00150919 0.0944672
76.2868 -0.00150349 0.094162
76.4792 -0.00149782 0.0938568
76.6716 -0.00149219 0.0935516
76.864 -0.0014866 0.0932465
77.0564 -0.00148103 0.0929474
77.2488 -0.00147551 0.0926483
77.4412 -0.00147002 0.0923492
77.6336 -0.00146456 0.0920502
77.826 -0.00145913 0.0917572
78.0184 -0.00145374 0.0914642
78.2108 -0.00144839 0.0911713
78.4032 -0.00144306 0.0908844
78.5956 -0.00143777 0.0905975
78.788 -0.00143251 0.0903107
78.9804 -0.00142728 0.0900238
79.1728 -0.00142208 0.089743
79.3652 -0.00141692 0.0894562
79.5576 -0.00141179 0.0891754
79.75 -0.00140668 0.0889008
79.9424 -0.00140161 0.08862
80.1348 -0.00139657 0.0883453
80.3272 -0.00139156 0.0880707
80.5196 -0.00138658 0.087796
80.712 -0.00138163 0.0875275
80.9044 -0.0013767 0.0872528
81.0968 -0.00137181 0.0869843
81.2892 -0.00136695 0.0867157
81.4816 -0.00136211 0.0864532
81.674 -0.00135731 0.0861847
81.8664 -0.00135253 0.0859222
82.0588 -0.00134778 0.0856598
82.2512 -0.00134305 0.0854034
82.4436 -0.00133836 0.085141
82.636 -0.00133369 0.0848846
82.8284 -0.00132905 0.0846283
83.0208 -0.00132444 0.0843719
83.2132 -0.00131985 0.0841156
83.4056 -0.00131529 0.0838654
83.598 -0.00131076 0.0836151
83.7904 -0.00130625 0.0833649
83.9828 -0.00130177 0.0831146
84.1752 -0.00129731 0.0828644
84.3676 -0.00129288 0.0826202
84.56 -0.00128847 0.0823761
84.7524 -0.00128409 0.082132
84.9448 -0.00127973 0.0818878
85.1372 -0.0012754 0.0816498
85.3296 -0.0012711 0.0814056
85.522 -0.00126681 0.0811676
85.7144 -0.00126255 0.0809296
85.9068 -0.00125832 0.0806915
86.0992 -0.00125411 0.0804596
86.2916 -0.00124992 0.0802216
86.484 -0.00124576 0.0799896
86.6764 -0.00124161 0.0797577
86.8688 -0.0012375 0.0795258
87.0612 -0.0012334 0.0792938
87.2536 -0.00122933 0.079068
87.446 -0.00122528 0.0788422
87.6384 -0.00122125 0.0786102
87.8308 -0.00121724 0.0783905
88.0232 -0.00121326 0.0781647
88.2156 -0.00120929 0.0779388
88.408 -0.00120535 0.0777191
88.6004 -0.00120143 0.0774994
88.7928 -0.00119753 0.0772736
88.9852 -0.00119366 0.0770599
89.1776 -0.0011898 0.0768402
89.37 -0.00118596 0.0766205
