7.6 0.0466133 1.18169
7.7924 0.0449378 1.14157
7.9848 0.0433599 1.10363
8.1772 0.041872 1.06772
8.3696 0.0404669 1.03368
8.562 0.0391385 1.00139
8.7544 0.0378809 0.970699
8.9468 0.0366891 0.941525
9.1392 0.0355583 0.913738
9.3316 0.0344843 0.887266
9.524 0.0334632 0.862004
9.7164 0.0324914 0.837889
9.9088 0.0315656 0.814846
10.1012 0.030683 0.792801
10.2936 0.0298406 0.771701
10.486 0.029036 0.75148
10.6784 0.0282669 0.732101
10.8708 0.0275312 0.713504
11.0632 0.0268267 0.69565
11.2556 0.0261518 0.678491
11.448 0.0255047 0.661999
11.6404 0.0248839 0.646132
11.8328 0.0242878 0.630853
12.0252 0.0237152 0.61614
12.2176 0.0231647 0.60196
12.41 0.0226352 0.588286
12.6024 0.0221256 0.575093
12.7948 0.0216349 0.562358
12.9872 0.021162 0.550053
13.1796 0.0207062 0.538161
13.372 0.0202665 0.526671
13.5644 0.0198421 0.515556
13.7568 0.0194324 0.504799
13.9492 0.0190367 0.494381
14.1416 0.0186542 0.484295
14.334 0.0182844 0.474522
14.5264 0.0179267 0.465046
14.7188 0.0175805 0.45586
14.9112 0.0172454 0.446949
15.1036 0.0169208 0.438305
15.296 0.0166063 0.429905
15.4884 0.0163015 0.421749
15.6808 0.0160059 0.41383
15.8732 0.0157192 0.406132
16.0656 0.0154409 0.398648
16.258 0.0151709 0.391367
16.4504 0.0149086 0.384286
16.6428 0.0146539 0.377402
16.8352 0.0144064 0.370694
17.0276 0.0141658 0.364163
17.22 0.0139319 0.357803
17.4124 0.0137044 0.351608
17.6048 0.013483 0.345572
17.7972 0.0132676 0.339688
17.9896 0.0130579 0.333951
18.182 0.0128537 0.328354
18.3744 0.0126549 0.322897
18.5668 0.0124611 0.317575
18.7592 0.0122723 0.312375
18.9516 0.0120883 0.307297
19.144 0.0119088 0.302347
19.3364 0.0117338 0.297505
19.5288 0.0115631 0.292781
19.7212 0.0113965 0.288158
19.9136 0.0112339 0.283644
20.106 0.0110752 0.279231
20.2984 0.0109202 0.274919
20.4908 0.0107689 0.270699
20.6832 0.010621 0.26657
20.8756 0.0104766 0.262532
21.068 0.0103355 0.258577
21.2604 0.0101975 0.254713
21.4528 0.0100626 0.250923
21.6452 0.00993074 0.247224
21.8376 0.00980174 0.24359
22.03 0.00967556 0.240038
22.2224 0.00955211 0.236559
22.4148 0.00943131 0.233144
22.6072 0.00931306 0.229802
22.7996 0.00919732 0.226524
22.992 0.00908398 0.22332
23.1844 0.00897301 0.220171
23.3768 0.00886432 0.217085
23.5692 0.00875784 0.214055
23.7616 0.00865352 0.211089
23.954 0.0085513 0.208177
24.1464 0.00845111 0.205321
24.3388 0.00835293 0.20251
24.5312 0.00825664 0.199759
24.7236 0.00816224 0.197061
24.916 0.00806968 0.194406
25.1084 0.00797889 0.191806
25.3008 0.00788982 0.189249
25.4932 0.00780245 0.186734
25.6856 0.00771671 0.184268
25.878 0.00763257 0.181851
26.0704 0.00754999 0.179471
26.2628 0.00746894 0.177127
26.4552 0.00738935 0.174832
26.6476 0.00731122 0.172574
26.84 0.00723449 0.170352
27.0324 0.00715914 0.168173
27.2248 0.00708512 0.166025
27.4172 0.00701241 0.163913
27.6096 0.00694098 0.161838
27.802 0.00687078 0.159799
27.9944 0.00680179 0.157791
28.1868 0.00673401 0.15582
28.3792 0.00666737 0.153873
28.5716 0.00660187 0.151962
28.764 0.00653747 0.150082
28.9564 0.00647413 0.148233
29.1488 0.00641188 0.146408
29.3412 0.00635062 0.14462
29.5336 0.00629039 0.14285
29.726 0.00623116 0.14111
29.9184 0.00617287 0.139401
30.1108 0.00611552 0.137717
30.3032 0.0060591 0.136057
30.4956 0.00600357 0.134421
30.688 0.00594893 0.132809
30.8804 0.00589515 0.131223
31.0728 0.00584221 0.12966
31.2652 0.00579008 0.128122
31.4576 0.00573877 0.126608
31.65 0.00568823 0.125113
31.8424 0.00563849 0.123636
32.0348 0.00558951 0.122183
32.2272 0.00554125 0.120755
32.4196 0.00549374 0.119339
32.612 0.00544693 0.117947
32.8044 0.0054008 0.11658
32.9968 0.00535538 0.115225
33.1892 0.00531061 0.113895
33.3816 0.00526651 0.112576
33.574 0.00522304 0.111282
33.7664 0.00518021 0.110001
33.9588 0.00513801 0.108737
34.1512 0.0050964 0.107492
34.3436 0.00505536 0.106265
34.536 0.00501495 0.105051
34.7284 0.00497509 0.103854
34.9208 0.00493576 0.102676
35.1132 0.00489702 0.101511
35.3056 0.0048588 0.100363
35.498 0.00482111 0.0992279
35.6904 0.00478395 0.0981049
35.8828 0.00474727 0.0970001
36.0752 0.00471113 0.0959076
36.2676 0.00467545 0.0948334
36.46 0.00464026 0.0937653
36.6524 0.00460554 0.0927155
36.8448 0.00457129 0.0916779
37.0372 0.0045375 0.0906525
37.2296 0.00450415 0.0896454
37.422 0.00447125 0.0886444
37.6144 0.00443878 0.0876556
37.8068 0.00440673 0.0866791
37.9992 0.00437509 0.0857147
38.1916 0.00434383 0.0847687
38.384 0.00431304 0.0838226
38.5764 0.00428261 0.0828949
38.7688 0.00425256 0.0819794
38.9612 0.00422288 0.0810699
39.1536 0.00419362 0.0801727
39.346 0.00416468 0.0792877
39.5384 0.00413614 0.0784149
39.7308 0.00410794 0.0775482
39.9232 0.00408009 0.0766876
40.1156 0.00405257 0.0758453
40.308 0.00402543 0.0750092
40.5004 0.00399861 0.0741791
40.6928 0.00397211 0.0733612
40.8852 0.00394592 0.0725555
41.0776 0.00392004 0.071756
41.27 0.0038945 0.0709625
41.4624 0.00386925 0.0701813
41.6548 0.00384434 0.0694061
41.8472 0.00381967 0.0686432
42.0396 0.00379532 0.0678864
42.232 0.00377124 0.0671417
42.4244 0.00374747 0.0663971
42.6168 0.00372397 0.0656647
42.8092 0.00370073 0.0649445
43.0016 0.00367778 0.0642242
43.194 0.00365509 0.0635162
43.3864 0.00363268 0.0628143
43.5788 0.00361052 0.0621185
43.7712 0.00358858 0.0614288
43.9636 0.00356693 0.0607513
44.156 0.0035455 0.0600739
44.3484 0.00352434 0.0594086
44.5408 0.0035034 0.0587494
44.7332 0.00348267 0.0580963
44.9256 0.0034622 0.0574493
45.118 0.00344199 0.0568085
45.3104 0.00342197 0.0561737
45.5028 0.00340215 0.0555511
45.6952 0.00338258 0.0549286
45.8876 0.00336319 0.0543121
46.08 0.00334405 0.0537018
46.2724 0.00332514 0.0530975
46.4648 0.00330641 0.0524994
46.6572 0.00328784 0.0519073
46.8496 0.00326951 0.0513214
47.042 0.0032514 0.0507416
47.2344 0.00323345 0.0501678
47.4268 0.00321572 0.0495941
47.6192 0.00319815 0.0490326
47.8116 0.00318078 0.0484711
48.004 0.00316357 0.0479156
48.1964 0.00314656 0.0473663
48.3888 0.00312976 0.0468231
48.5812 0.00311309 0.046286
48.7736 0.00309662 0.0457489
48.966 0.00308029 0.0452179
49.1584 0.00306415 0.044693
49.3508 0.0030482 0.0441742
49.5432 0.00303238 0.0436554
49.7356 0.00301674 0.0431427
49.928 0.00300128 0.0426361
50.1204 0.00298594 0.0421356
50.3128 0.00297078 0.0416351
50.5052 0.00295573 0.0411407
50.6976 0.00294086 0.0406525
50.89 0.00292615 0.0401642
51.0824 0.00291162 0.039682
51.2748 0.00289719 0.0392059
51.4672 0.00288292 0.0387299
51.6596 0.00286875 0.0382599
51.852 0.00285473 0.037796
52.0444 0.00284088 0.0373322
52.2368 0.00282719 0.0368683
52.4292 0.00281358 0.0364166
52.6216 0.00280013 0.035965
52.814 0.00278682 0.0355133
53.0064 0.00277367 0.0350677
53.1988 0.0027606 0.0346283
53.3912 0.00274767 0.0341888
53.5836 0.0027348 0.0337555
53.776 0.00272216 0.0333221
53.9684 0.00270959 0.0328888
54.1608 0.00269715 0.0324677
54.3532 0.00268485 0.0320404
54.5456 0.00267261 0.0316254
54.738 0.00266051 0.0312042
54.9304 0.00264854 0.0307892
55.1228 0.0026367 0.0303802
55.3152 0.00262491 0.0299713
55.5076 0.00261325 0.0295685
55.7 0.00260171 0.0291656
55.8924 0.00259031 0.0287628
56.0848 0.00257902 0.0283661
56.2772 0.00256778 0.0279694
56.4696 0.00255665 0.0275787
56.662 0.00254565 0.0271881
56.8544 0.00253476 0.0267975
57.0468 0.00252399 0.026413
57.2392 0.00251325 0.0260284
57.4316 0.00250262 0.02565
57.624 0.0024921 0.0252716
57.8164 0.0024817 0.0248932
58.0088 0.0024714 0.0245209
58.2012 0.00246113 0.0241486
58.3936 0.00245105 0.0237762
58.586 0.00244098 0.0234039
58.7784 0.00243102 0.0230377
58.9708 0.00242117 0.0226715
59.1632 0.00241141 0.0223114
59.3556 0.00240166 0.0219513
59.548 0.0023921 0.0215912
59.7404 0.00238255 0.0212311
59.9328 0.00237318 0.020871
60.1252 0.00236382 0.020517
60.3176 0.00235455 0.020163
60.51 0.00234537 0.019809
60.7024 0.00233628 0.019455
60.8948 0.00232719 0.0191071
61.0872 0.00231827 0.0187592
61.2796 0.00230935 0.0184113
61.472 0.0023006 0.0180634
61.6644 0.00229185 0.0177155
61.8568 0.00228327 0.0173676
62.0492 0.00227468 0.0170258
62.2416 0.00226616 0.0166779
62.434 0.00225773 0.0163361
62.6264 0.00224937 0.0159943
62.8188 0.00224116 0.0156464
63.0112 0.00223295 0.0153046
63.2036 0.0022248 0.0149628
63.396 0.00221673 0.014621
63.5884 0.00220872 0.0142731
63.7808 0.00220077 0.0139313
63.9732 0.00219289 0.0135895
64.1656 0.00218515 0.0132416
64.358 0.0021774 0.0128998
64.5504 0.0021697 0.0125519
64.7428 0.00216213 0.012204
64.9352 0.00215454 0.0118561
65.1276 0.00214708 0.0115021
65.32 0.00213967 0.0111481
65.5124 0.00213231 0.0107941
65.7048 0.00212507 0.010434
65.8972 0.00211779 0.0100739
66.0896 0.00211063 0.00970764
66.282 0.00210349 0.00934143
66.4744 0.00209647 0.00896912
66.6668 0.00208947 0.0085907
66.8592 0.00208249 0.00820618
67.0516 0.00207566 0.00780945
67.244 0.00206878 0.00741272
67.4364 0.00206203 0.00699768
67.6288 0.00205533 0.00657654
67.8212 0.00204862 0.00614319
68.0136 0.00204206 0.00568542
68.206 0.00203545 0.00521545
68.3984 0.00202898 0.00470886
68.5908 0.00202252 0.00416565
68.7832 0.00201613 0.00357361
68.9756 0.00200976 0.00289612
69.168 0.00200347 0.00205994
69.3604 0.00199721 0.000637817
