7.6 -0.0562631 3.05176e-06
7.7924 -0.0541511 3.05176e-06
7.9848 -0.0521684 3.05176e-06
8.1772 -0.0503042 3.05176e-06
8.3696 -0.0485488 3.05176e-06
8.562 -0.0468935 3.05176e-06
8.7544 -0.0453304 3.05176e-06
8.9468 -0.0438525 3.05176e-06
9.1392 -0.0368551 1.60343
9.3316 -0.0357013 1.56165
9.524 -0.0346066 1.52224
9.7164 -0.0335669 1.48494
9.9088 -0.0325785 1.44955
10.1012 -0.0316377 1.41588
10.2936 -0.0307415 1.38379
10.486 -0.0298869 1.35316
10.6784 -0.0290713 1.32387
10.8708 -0.0282922 1.29583
11.0632 -0.0275474 1.26895
11.2556 -0.0268348 1.24315
11.448 -0.0261525 1.21837
11.6404 -0.0254986 1.19455
11.8328 -0.0248716 1.1716
12.0252 -0.02427 1.14951
12.2176 -0.0236923 1.12822
12.41 -0.0231372 1.10767
12.6024 -0.0226035 1.08784
12.7948 -0.02209 1.06867
12.9872 -0.0215957 1.05015
13.1796 -0.0211196 1.03223
13.372 -0.0206608 1.01488
13.5644 -0.0202184 0.998089
13.7568 -0.0197916 0.981815
13.9492 -0.0193796 0.966045
14.1416 -0.0189818 0.950748
14.334 -0.0185974 0.935902
14.5264 -0.0182258 0.92149
14.7188 -0.0178665 0.907497
14.9112 -0.0175188 0.893899
15.1036 -0.0171823 0.880681
15.296 -0.0168564 0.867827
15.4884 -0.0165407 0.85533
15.6808 -0.0162348 0.843163
15.8732 -0.0159382 0.831318
16.0656 -0.0156505 0.819783
16.258 -0.0153714 0.808549
16.4504 -0.0151005 0.797598
16.6428 -0.0148375 0.786923
16.8352 -0.014582 0.776517
17.0276 -0.0143338 0.76636
17.22 -0.0140926 0.756454
17.4124 -0.0138581 0.746786
17.6048 -0.01363 0.73735
17.7972 -0.0134081 0.728134
17.9896 -0.0131922 0.719125
18.182 -0.012982 0.71033
18.3744 -0.0127773 0.701736
18.5668 -0.012578 0.693327
18.7592 -0.0123838 0.685113
18.9516 -0.0121946 0.677076
19.144 -0.0120101 0.669209
19.3364 -0.0118302 0.661518
19.5288 -0.0116548 0.653988
19.7212 -0.0114837 0.646613
19.9136 -0.0113168 0.639398
20.106 -0.0111538 0.632327
20.2984 -0.0109947 0.625406
20.4908 -0.0108394 0.618623
20.6832 -0.0106877 0.611974
20.8756 -0.0105395 0.605458
21.068 -0.0103947 0.599071
21.2604 -0.0102532 0.592809
21.4528 -0.0101149 0.586665
21.6452 -0.0099797 0.580641
21.8376 -0.00984745 0.574736
22.03 -0.00971811 0.568932
22.2224 -0.00959158 0.563246
22.4148 -0.00946777 0.557661
22.6072 -0.0093466 0.552177
22.7996 -0.009228 0.546794
22.992 -0.00911189 0.541502
23.1844 -0.00899819 0.536311
23.3768 -0.00888684 0.531212
23.5692 -0.00877777 0.526204
23.7616 -0.00867092 0.521278
23.954 -0.00856622 0.516435
24.1464 -0.00846361 0.511684
24.3388 -0.00836303 0.507005
24.5312 -0.00826444 0.502409
24.7236 -0.00816776 0.49789
24.916 -0.00807296 0.49345
25.1084 -0.00797998 0.489079
25.3008 -0.00788877 0.484776
25.4932 -0.00779929 0.480541
25.6856 -0.00771149 0.476383
25.878 -0.00762532 0.472286
26.0704 -0.00754075 0.468258
26.2628 -0.00745773 0.464291
26.4552 -0.00737622 0.460384
26.6476 -0.00729619 0.456539
26.84 -0.0072176 0.452755
27.0324 -0.00714041 0.449024
27.2248 -0.00706459 0.445354
27.4172 -0.0069901 0.441738
27.6096 -0.00691691 0.438175
27.802 -0.00684499 0.434666
27.9944 -0.0067743 0.431202
28.1868 -0.00670483 0.427799
28.3792 -0.00663654 0.424442
28.5716 -0.0065694 0.421131
28.764 -0.00650338 0.417873
28.9564 -0.00643847 0.414654
29.1488 -0.00637462 0.411488
29.3412 -0.00631183 0.40836
29.5336 -0.00625006 0.405277
29.726 -0.00618929 0.402241
29.9184 -0.00612951 0.399246
30.1108 -0.00607067 0.396286
30.3032 -0.00601278 0.393375
30.4956 -0.0059558 0.3905
30.688 -0.00589971 0.387662
30.8804 -0.0058445 0.38486
31.0728 -0.00579015 0.382101
31.2652 -0.00573663 0.379373
31.4576 -0.00568393 0.376682
31.65 -0.00563204 0.374026
31.8424 -0.00558093 0.371408
32.0348 -0.00553059 0.36882
32.2272 -0.005481 0.366269
32.4196 -0.00543215 0.363742
32.612 -0.00538402 0.361258
32.8044 -0.0053366 0.358798
32.9968 -0.00528987 0.356369
33.1892 -0.00524382 0.35397
33.3816 -0.00519843 0.351602
33.574 -0.0051537 0.349265
33.7664 -0.0051096 0.346957
33.9588 -0.00506613 0.344675
34.1512 -0.00502327 0.342422
34.3436 -0.00498102 0.340195
34.536 -0.00493935 0.337991
34.7284 -0.00489826 0.335818
34.9208 -0.00485774 0.33367
35.1132 -0.00481777 0.331546
35.3056 -0.00477835 0.329446
35.498 -0.00473946 0.327371
35.6904 -0.0047011 0.32532
35.8828 -0.00466325 0.323294
36.0752 -0.00462591 0.321292
36.2676 -0.00458907 0.319308
36.46 -0.00455271 0.317349
36.6524 -0.00451683 0.315414
36.8448 -0.00448142 0.313498
37.0372 -0.00444647 0.311606
37.2296 -0.00441197 0.309732
37.422 -0.00437791 0.307883
37.6144 -0.00434429 0.306052
37.8068 -0.0043111 0.304239
37.9992 -0.00427833 0.302444
38.1916 -0.00424598 0.300674
38.384 -0.00421403 0.298915
38.5764 -0.00418247 0.297185
38.7688 -0.00415131 0.295464
38.9612 -0.00412054 0.29377
39.1536 -0.00409014 0.292085
39.346 -0.00406012 0.290428
39.5384 -0.00403046 0.28878
39.7308 -0.00400116 0.287151
39.9232 -0.00397222 0.285539
40.1156 -0.00394362 0.283946
40.308 -0.00391536 0.282372
40.5004 -0.00388744 0.280806
40.6928 -0.00385985 0.279259
40.8852 -0.00383259 0.27773
41.0776 -0.00380564 0.27621
41.27 -0.00377901 0.274709
41.4624 -0.00375269 0.273225
41.6548 -0.00372667 0.271751
41.8472 -0.00370095 0.270296
42.0396 -0.00367553 0.268858
42.232 -0.00365039 0.26743
42.4244 -0.00362555 0.266011
42.6168 -0.00360098 0.26461
42.8092 -0.00357669 0.263228
43.0016 -0.00355267 0.261855
43.194 -0.00352892 0.26049
43.3864 -0.00350543 0.259145
43.5788 -0.0034822 0.257808
43.7712 -0.00345923 0.25648
43.9636 -0.0034365 0.255171
44.156 -0.00341403 0.25388
44.3484 -0.0033918 0.252589
44.5408 -0.00336981 0.251317
44.7332 -0.00334806 0.250053
44.9256 -0.00332654 0.248808
45.118 -0.00330525 0.247563
45.3104 -0.00328418 0.246336
45.5028 -0.00326334 0.245119
45.6952 -0.00324272 0.243919
45.8876 -0.00322232 0.24272
46.08 -0.00320213 0.241539
46.2724 -0.00318214 0.240367
46.4648 -0.00316237 0.239204
46.6572 -0.0031428 0.238051
46.8496 -0.00312343 0.236906
47.042 -0.00310426 0.235771
47.2344 -0.00308528 0.234654
47.4268 -0.0030665 0.233537
47.6192 -0.0030479 0.23243
47.8116 -0.0030295 0.23134
48.004 -0.00301128 0.23026
48.1964 -0.00299324 0.229179
48.3888 -0.00297538 0.228117
48.5812 -0.00295769 0.227055
48.7736 -0.00294018 0.226012
48.966 -0.00292285 0.224968
49.1584 -0.00290568 0.223943
49.3508 -0.00288868 0.222917
49.5432 -0.00287185 0.221901
49.7356 -0.00285517 0.220903
49.928 -0.00283866 0.219905
50.1204 -0.00282231 0.218916
50.3128 -0.00280612 0.217937
50.5052 -0.00279008 0.216966
50.6976 -0.00277419 0.215996
50.89 -0.00275845 0.215044
51.0824 -0.00274286 0.214091
51.2748 -0.00272741 0.213148
51.4672 -0.00271211 0.212215
51.6596 -0.00269696 0.21129
51.852 -0.00268194 0.210374
52.0444 -0.00266706 0.209459
52.2368 -0.00265232 0.208562
52.4292 -0.00263772 0.207664
52.6216 -0.00262325 0.206767
52.814 -0.00260891 0.205888
53.0064 -0.0025947 0.205009
53.1988 -0.00258062 0.20414
53.3912 -0.00256666 0.203279
53.5836 -0.00255283 0.202419
53.776 -0.00253913 0.201576
53.9684 -0.00252555 0.200734
54.1608 -0.00251208 0.199893
54.3532 -0.00249874 0.199063
54.5456 -0.00248552 0.198239
54.738 -0.00247241 0.197421
54.9304 -0.00245941 0.196609
55.1228 -0.00244653 0.195804
55.3152 -0.00243377 0.195004
55.5076 -0.00242111 0.194211
55.7 -0.00240856 0.193423
55.8924 -0.00239612 0.192642
56.0848 -0.00238379 0.191867
56.2772 -0.00237156 0.191098
56.4696 -0.00235943 0.190329
56.662 -0.00234741 0.189572
56.8544 -0.00233549 0.188815
57.0468 -0.00232368 0.188071
57.2392 -0.00231196 0.187326
57.4316 -0.00230034 0.186588
57.624 -0.00228881 0.185855
57.8164 -0.00227738 0.185129
58.0088 -0.00226605 0.184409
58.2012 -0.00225481 0.183694
58.3936 -0.00224367 0.18298
58.586 -0.00223261 0.182272
58.7784 -0.00222165 0.18157
58.9708 -0.00221077 0.180875
59.1632 -0.00219998 0.180185
59.3556 -0.00218928 0.179495
59.548 -0.00217867 0.178812
59.7404 -0.00216814 0.178134
59.9328 -0.0021577 0.177463
60.1252 -0.00214734 0.176797
60.3176 -0.00213707 0.176132
60.51 -0.00212687 0.175473
60.7024 -0.00211676 0.17482
60.8948 -0.00210672 0.174167
61.0872 -0.00209677 0.17352
61.2796 -0.00208689 0.172879
61.472 -0.00207709 0.172244
61.6644 -0.00206737 0.171609
61.8568 -0.00205772 0.170981
62.0492 -0.00204815 0.170358
62.2416 -0.00203865 0.169736
62.434 -0.00202922 0.169119
62.6264 -0.00201987 0.168509
62.8188 -0.00201059 0.167899
63.0112 -0.00200138 0.167294
63.2036 -0.00199224 0.166696
63.396 -0.00198317 0.166098
63.5884 -0.00197417 0.165506
63.7808 -0.00196523 0.16492
63.9732 -0.00195637 0.164334
64.1656 -0.00194756 0.163754
64.358 -0.00193883 0.163174
64.5504 -0.00193016 0.162601
64.7428 -0.00192155 0.162033
64.9352 -0.00191301 0.161465
65.1276 -0.00190453 0.160904
65.32 -0.00189612 0.160349
65.5124 -0.00188776 0.159793
65.7048 -0.00187947 0.159238
65.8972 -0.00187124 0.158688
66.0896 -0.00186307 0.158145
66.282 -0.00185495 0.157602
66.4744 -0.0018469 0.157065
66.6668 -0.0018389 0.156528
66.8592 -0.00183096 0.155997
67.0516 -0.00182308 0.155472
67.244 -0.00181526 0.154947
67.4364 -0.00180749 0.154422
67.6288 -0.00179977 0.153903
67.8212 -0.00179211 0.153391
68.0136 -0.00178451 0.152878
68.206 -0.00177696 0.152365
68.3984 -0.00176946 0.151859
68.5908 -0.00176201 0.151358
68.7832 -0.00175462 0.150858
68.9756 -0.00174728 0.150357
69.168 -0.00173999 0.149863
69.3604 -0.00173274 0.149374
69.5528 -0.00172555 0.148886
69.7452 -0.00171841 0.148398
69.9376 -0.00171132 0.147916
70.13 -0.00170428 0.14744
70.3224 -0.00169728 0.146957
70.5148 -0.00169034 0.146487
70.7072 -0.00168344 0.146017
70.8996 -0.00167658 0.145547
71.092 -0.00166978 0.145078
71.2844 -0.00166302 0.14462
71.4768 -0.0016563 0.144156
71.6692 -0.00164963 0.143698
71.8616 -0.001643 0.14324
72.054 -0.00163642 0.142789
72.2464 -0.00162989 0.142343
72.4388 -0.00162339 0.141891
72.6312 -0.00161694 0.141446
72.8236 -0.00161053 0.141006
73.016 -0.00160417 0.140567
73.2084 -0.00159784 0.140128
73.4008 -0.00159156 0.139694
73.5932 -0.00158532 0.139261
73.7856 -0.00157912 0.138834
73.978 -0.00157296 0.138406
74.1704 -0.00156683 0.137979
74.3628 -0.00156075 0.137558
74.5552 -0.00155471 0.137137
74.7476 -0.00154871 0.136716
74.94 -0.00154274 0.136301
75.1324 -0.00153682 0.135886
75.3248 -0.00153093 0.135477
75.5172 -0.00152508 0.135068
75.7096 -0.00151926 0.134659
75.902 -0.00151349 0.134256
76.0944 -0.00150775 0.133853
76.2868 -0.00150204 0.13345
76.4792 -0.00149638 0.133054
76.6716 -0.00149074 0.132657
76.864 -0.00148514 0.132266
77.0564 -0.00147958 0.131876
77.2488 -0.00147405 0.131485
77.4412 -0.00146856 0.131094
77.6336 -0.0014631 0.13071
77.826 -0.00145768 0.130325
78.0184 -0.00145228 0.129947
78.2108 -0.00144692 0.129568
78.4032 -0.0014416 0.12919
78.5956 -0.0014363 0.128818
78.788 -0.00143104 0.128439
78.9804 -0.00142581 0.128073
79.1728 -0.00142062 0.127701
79.3652 -0.00141545 0.127335
79.5576 -0.00141032 0.126968
79.75 -0.00140521 0.126602
79.9424 -0.00140014 0.126242
80.1348 -0.0013951 0.125882
80.3272 -0.00139008 0.125522
80.5196 -0.0013851 0.125168
80.712 -0.00138015 0.124814
80.9044 -0.00137523 0.12446
81.0968 -0.00137033 0.124112
81.2892 -0.00136547 0.123764
81.4816 -0.00136063 0.123416
81.674 -0.00135582 0.123068
81.8664 -0.00135104 0.122726
82.0588 -0.00134629 0.122385
82.2512 -0.00134157 0.122043
82.4436 -0.00133687 0.121701
82.636 -0.0013322 0.121365
82.8284 -0.00132756 0.12103
83.0208 -0.00132295 0.1207
83.2132 -0.00131836 0.120364
83.4056 -0.0013138 0.120035
83.598 -0.00130926 0.119705
83.7904 -0.00130475 0.119382
83.9828 -0.00130027 0.119058
84.1752 -0.00129581 0.118735
84.3676 -0.00129138 0.118411
84.56 -0.00128697 0.118088
84.7524 -0.00128259 0.11777
84.9448 -0.00127823 0.117453
85.1372 -0.0012739 0.117136
85.3296 -0.00126959 0.116824
85.522 -0.0012653 0.116513
85.7144 -0.00126104 0.116202
85.9068 -0.00125681 0.115891
86.0992 -0.0012526 0.115579
86.2916 -0.00124841 0.115274
86.484 -0.00124424 0.114969
86.6764 -0.0012401 0.114664
86.8688 -0.00123598 0.114365
87.0612 -0.00123188 0.114059
87.2536 -0.00122781 0.11376
87.446 -0.00122375 0.113461
87.6384 -0.00121973 0.113168
87.8308 -0.00121572 0.112869
88.0232 -0.00121173 0.112576
88.2156 -0.00120777 0.112283
88.408 -0.00120383 0.111996
88.6004 -0.0011999 0.111703
88.7928 -0.001196 0.111417
88.9852 -0.00119213 0.11113
89.1776 -0.00118827 0.110843
89.37 -0.00118443 0.110556
89.5624 -0.00118061 0.110275
89.7548 -0.00117682 0.109995
89.9472 -0.00117304 0.109714
90.1396 -0.00116929 0.109433
90.332 -0.00116555 0.109152
90.5244 -0.00116184 0.108878
90.7168 -0.00115814 0.108603
90.9092 -0.00115446 0.108328
91.1016 -0.00115081 0.108054
91.294 -0.00114717 0.107785
91.4864 -0.00114355 0.107516
91.6788 -0.00113995 0.107242
91.8712 -0.00113637 0.106979
92.0636 -0.00113281 0.106711
92.256 -0.00112926 0.106442
92.4484 -0.00112574 0.10618
92.6408 -0.00112223 0.105917
92.8332 -0.00111874 0.105655
93.0256 -0.00111527 0.105392
93.218 -0.00111182 0.105136
93.4104 -0.00110839 0.104874
93.6028 -0.00110497 0.104617
93.7952 -0.00110157 0.104361
93.9876 -0.00109819 0.104105
94.18 -0.00109482 0.103854
94.3724 -0.00109147 0.103598
94.5648 -0.00108814 0.103348
94.7572 -0.00108483 0.103098
94.9496 -0.00108153 0.102847
95.142 -0.00107825 0.102597
95.3344 -0.00107499 0.102353
95.5268 -0.00107174 0.102103
95.7192 -0.00106851 0.101859
95.9116 -0.0010653 0.101614
96.104 -0.0010621 0.10137
96.2964 -0.00105891 0.101132
96.4888 -0.00105575 0.100888
96.6812 -0.0010526 0.10065
96.8736 -0.00104946 0.100412
97.066 -0.00104634 0.100174
97.2584 -0.00104324 0.0999359
97.4508 -0.00104015 0.0996979
97.6432 -0.00103707 0.0994659
97.8356 -0.00103401 0.0992279
98.028 -0.00103097 0.098996
98.2204 -0.00102794 0.098764
98.4128 -0.00102493 0.0985321
98.6052 -0.00102193 0.0983063
98.7976 -0.00101894 0.0980743
98.99 -0.00101597 0.0978485
99.1824 -0.00101302 0.0976166
99.3748 -0.00101007 0.0973907
99.5672 -0.00100715 0.097171
99.7596 -0.00100423 0.0969452
99.952 -0.00100133 0.0967194
100.144 -0.000998449 0.0964996
100.337 -0.000995577 0.0962738
100.529 -0.000992719 0.0960541
100.722 -0.000989875 0.0958344
100.914 -0.000987045 0.0956146
101.106 -0.000984227 0.095401
101.299 -0.000981424 0.0951813
101.491 -0.000978633 0.0949677
101.684 -0.000975856 0.0947479
101.876 -0.000973092 0.0945343
102.068 -0.000970341 0.0943207
102.261 -0.000967603 0.0941132
102.453 -0.000964877 0.0938995
102.646 -0.000962165 0.0936859
102.838 -0.000959465 0.0934784
103.03 -0.000956778 0.0932709
103.223 -0.000954103 0.0930573
103.415 -0.000951441 0.0928497
103.608 -0.000948791 0.0926483
103.8 -0.000946153 0.0924408
103.992 -0.000943528 0.0922333
104.185 -0.000940914 0.0920319
104.377 -0.000938313 0.0918243
104.57 -0.000935724 0.0916229
104.762 -0.000933146 0.0914215
104.954 -0.000930581 0.0912201
105.147 -0.000928027 0.0910187
105.339 -0.000925485 0.0908234
105.532 -0.000922954 0.0906219
105.724 -0.000920435 0.0904266
105.916 -0.000917928 0.0902252
106.109 -0.000915431 0.0900299
106.301 -0.000912946 0.0898346
106.494 -0.000910473 0.0896393
106.686 -0.00090801 0.0894501
106.878 -0.000905558 0.0892548
107.071 -0.000903118 0.0890594
107.263 -0.000900688 0.0888702
107.456 -0.00089827 0.088681
107.648 -0.000895862 0.0884857
107.84 -0.000893465 0.0882965
108.033 -0.000891078 0.0881073
108.225 -0.000888702 0.0879242
108.418 -0.000886337 0.087735
108.61 -0.000883982 0.0875458
108.802 -0.000881638 0.0873627
108.995 -0.000879304 0.0871735
109.187 -0.00087698 0.0869904
109.38 -0.000874666 0.0868073
109.572 -0.000872363 0.0866241
109.764 -0.00087007 0.086441
109.957 -0.000867786 0.0862579
110.149 -0.000865513 0.0860809
110.342 -0.00086325 0.0858978
110.534 -0.000860996 0.0857208
110.726 -0.000858752 0.0855377
110.919 -0.000856518 0.0853607
111.111 -0.000854294 0.0851837
111.304 -0.000852079 0.0850067
111.496 -0.000849874 0.0848297
111.688 -0.000847678 0.0846527
111.881 -0.000845492 0.0844818
112.073 -0.000843315 0.0843048
112.266 -0.000841148 0.0841339
112.458 -0.000838989 0.0839569
112.65 -0.00083684 0.083786
112.843 -0.0008347 0.0836151
113.035 -0.00083257 0.0834442
113.228 -0.000830448 0.0832733
113.42 -0.000828335 0.0831024
113.612 -0.000826231 0.0829315
113.805 -0.000824136 0.0827667
113.997 -0.00082205 0.0825958
114.19 -0.000819973 0.082431
114.382 -0.000817905 0.0822601
114.574 -0.000815845 0.0820953
114.767 -0.000813794 0.0819305
114.959 -0.000811751 0.0817657
115.152 -0.000809717 0.081601
115.344 -0.000807691 0.0814362
115.536 -0.000805674 0.0812714
115.729 -0.000803665 0.0811127
115.921 -0.000801665 0.0809479
116.114 -0.000799673 0.0807892
116.306 -0.000797689 0.0806244
116.498 -0.000795713 0.0804657
116.691 -0.000793745 0.080307
116.883 -0.000791786 0.0801483
117.076 -0.000789834 0.0799896
117.268 -0.000787891 0.0798309
117.46 -0.000785956 0.0796722
117.653 -0.000784028 0.0795135
117.845 -0.000782108 0.079361
118.038 -0.000780196 0.0792023
118.23 -0.000778292 0.0790497
118.422 -0.000776396 0.078891
118.615 -0.000774507 0.0787384
118.807 -0.000772626 0.0785858
119 -0.000770753 0.0784332
119.192 -0.000768887 0.0782806
119.384 -0.000767029 0.0781281
119.577 -0.000765178 0.0779755
119.769 -0.000763334 0.0778229
119.962 -0.000761498 0.0776703
120.154 -0.00075967 0.0775238
120.346 -0.000757848 0.0773712
120.539 -0.000756034 0.0772247
120.731 -0.000754227 0.0770782
120.924 -0.000752428 0.0769257
121.116 -0.000750635 0.0767792
121.308 -0.00074885 0.0766327
121.501 -0.000747071 0.0764862
121.693 -0.0007453 0.0763397
121.886 -0.000743536 0.0761932
122.078 -0.000741778 0.0760529
122.27 -0.000740028 0.0759064
122.463 -0.000738284 0.0757599
122.655 -0.000736547 0.0756195
122.848 -0.000734817 0.075473
123.04 -0.000733094 0.0753326
123.232 -0.000731378 0.0751923
123.425 -0.000729668 0.0750519
123.617 -0.000727965 0.0749054
123.81 -0.000726268 0.074765
124.002 -0.000724578 0.0746246
124.194 -0.000722895 0.0744904
124.387 -0.000721218 0.07435
124.579 -0.000719547 0.0742096
124.772 -0.000717884 0.0740692
124.964 -0.000716226 0.0739349
125.156 -0.000714575 0.0737946
125.349 -0.00071293 0.0736603
125.541 -0.000711291 0.073526
125.734 -0.000709659 0.0733856
125.926 -0.000708033 0.0732513
126.118 -0.000706413 0.0731171
126.311 -0.000704799 0.0729828
126.503 -0.000703192 0.0728485
126.696 -0.000701591 0.0727142
126.888 -0.000699995 0.07258
127.08 -0.000698406 0.0724457
127.273 -0.000696822 0.0723175
127.465 -0.000695245 0.0721832
127.658 -0.000693674 0.072049
127.85 -0.000692108 0.0719208
128.042 -0.000690549 0.0717926
128.235 -0.000688995 0.0716583
128.427 -0.000687447 0.0715302
128.62 -0.000685905 0.071402
128.812 -0.000684368 0.0712738
129.004 -0.000682838 0.0711395
129.197 -0.000681313 0.0710114
129.389 -0.000679793 0.0708893
129.582 -0.00067828 0.0707611
129.774 -0.000676772 0.0706329
129.966 -0.000675269 0.0705048
130.159 -0.000673772 0.0703766
130.351 -0.000672281 0.0702545
130.544 -0.000670795 0.0701263
130.736 -0.000669315 0.0700043
130.928 -0.00066784 0.0698761
131.121 -0.00066637 0.069754
131.313 -0.000664906 0.069632
131.506 -0.000663447 0.0695099
131.698 -0.000661994 0.0693817
131.89 -0.000660545 0.0692596
132.083 -0.000659103 0.0691376
132.275 -0.000657665 0.0690155
132.468 -0.000656232 0.0688934
132.66 -0.000654805 0.0687775
132.852 -0.000653383 0.0686554
133.045 -0.000651966 0.0685333
133.237 -0.000650554 0.0684113
133.43 -0.000649147 0.0682953
133.622 -0.000647746 0.0681732
133.814 -0.000646349 0.0680573
134.007 -0.000644957 0.0679352
134.199 -0.000643571 0.0678192
134.392 -0.000642189 0.0677032
134.584 -0.000640812 0.0675873
134.776 -0.000639441 0.0674652
134.969 -0.000638073 0.0673492
135.161 -0.000636711 0.0672333
135.354 -0.000635354 0.0671173
135.546 -0.000634002 0.0670013
135.738 -0.000632654 0.0668854
135.931 -0.000631311 0.0667755
136.123 -0.000629973 0.0666595
136.316 -0.00062864 0.0665436
136.508 -0.000627311 0.0664337
136.7 -0.000625987 0.0663177
136.893 -0.000624668 0.0662018
137.085 -0.000623353 0.0660919
137.278 -0.000622043 0.0659821
137.47 -0.000620737 0.0658661
137.662 -0.000619436 0.0657562
137.855 -0.00061814 0.0656464
138.047 -0.000616848 0.0655304
138.24 -0.00061556 0.0654205
138.432 -0.000614277 0.0653107
138.624 -0.000612999 0.0652008
138.817 -0.000611725 0.0650909
139.009 -0.000610455 0.0649811
139.202 -0.00060919 0.0648712
139.394 -0.000607929 0.0647675
139.586 -0.000606673 0.0646576
139.779 -0.00060542 0.0645477
139.971 -0.000604172 0.0644379
140.164 -0.000602929 0.0643341
140.356 -0.000601689 0.0642242
140.548 -0.000600454 0.0641205
140.741 -0.000599223 0.0640106
140.933 -0.000597996 0.0639069
141.126 -0.000596774 0.0638031
141.318 -0.000595556 0.0636932
141.51 -0.000594341 0.0635895
141.703 -0.000593131 0.0634857
141.895 -0.000591925 0.063382
142.088 -0.000590723 0.0632782
142.28 -0.000589525 0.0631744
142.472 -0.000588331 0.0630707
142.665 -0.000587142 0.0629669
142.857 -0.000585956 0.0628632
143.05 -0.000584774 0.0627594
143.242 -0.000583596 0.0626556
143.434 -0.000582422 0.0625519
143.627 -0.000581252 0.0624542
143.819 -0.000580086 0.0623505
144.012 -0.000578924 0.0622467
144.204 -0.000577766 0.062149
144.396 -0.000576611 0.0620453
144.589 -0.000575461 0.0619476
144.781 -0.000574314 0.06185
144.974 -0.000573171 0.0617462
145.166 -0.000572032 0.0616486
145.358 -0.000570896 0.0615509
145.551 -0.000569765 0.0614471
145.743 -0.000568637 0.0613495
145.936 -0.000567513 0.0612518
146.128 -0.000566392 0.0611542
146.32 -0.000565276 0.0610565
146.513 -0.000564162 0.0609589
146.705 -0.000563053 0.0608612
146.898 -0.000561947 0.0607635
147.09 -0.000560845 0.0606659
147.282 -0.000559746 0.0605682
147.475 -0.000558651 0.0604767
147.667 -0.000557559 0.060379
147.86 -0.000556472 0.0602814
148.052 -0.000555387 0.0601898
148.244 -0.000554306 0.0600922
148.437 -0.000553229 0.0599945
148.629 -0.000552155 0.059903
148.822 -0.000551085 0.0598114
149.014 -0.000550018 0.0597137
149.206 -0.000548954 0.0596222
149.399 -0.000547894 0.0595245
149.591 -0.000546837 0.059433
149.784 -0.000545784 0.0593414
149.976 -0.000544734 0.0592499
150.168 -0.000543687 0.0591583
150.361 -0.000542644 0.0590607
150.553 -0.000541604 0.0589691
150.746 -0.000540568 0.0588776
150.938 -0.000539535 0.058786
151.13 -0.000538505 0.0586945
151.323 -0.000537478 0.0586029
151.515 -0.000536454 0.0585175
151.708 -0.000535434 0.0584259
151.9 -0.000534417 0.0583344
152.092 -0.000533404 0.0582428
152.285 -0.000532393 0.0581573
152.477 -0.000531386 0.0580658
152.67 -0.000530381 0.0579742
152.862 -0.00052938 0.0578888
153.054 -0.000528383 0.0577972
153.247 -0.000527388 0.0577118
153.439 -0.000526396 0.0576202
153.632 -0.000525408 0.0575348
153.824 -0.000524422 0.0574432
154.016 -0.00052344 0.0573578
154.209 -0.000522461 0.0572723
154.401 -0.000521484 0.0571808
154.594 -0.000520511 0.0570953
154.786 -0.000519541 0.0570099
154.978 -0.000518574 0.0569244
155.171 -0.00051761 0.056839
155.363 -0.000516648 0.0567535
155.556 -0.00051569 0.0566681
155.748 -0.000514735 0.0565826
155.94 -0.000513783 0.0564972
156.133 -0.000512833 0.0564117
156.325 -0.000511887 0.0563263
156.518 -0.000510943 0.0562408
156.71 -0.000510003 0.0561554
156.902 -0.000509065 0.0560699
157.095 -0.00050813 0.0559906
157.287 -0.000507198 0.0559052
157.48 -0.000506269 0.0558197
157.672 -0.000505342 0.0557404
157.864 -0.000504419 0.0556549
158.057 -0.000503498 0.0555695
158.249 -0.00050258 0.0554901
158.442 -0.000501665 0.0554047
158.634 -0.000500753 0.0553253
158.826 -0.000499843 0.0552399
159.019 -0.000498936 0.0551605
159.211 -0.000498032 0.0550812
159.404 -0.000497131 0.0549957
159.596 -0.000496232 0.0549164
159.788 -0.000495336 0.054837
159.981 -0.000494443 0.0547577
160.173 -0.000493552 0.0546783
160.366 -0.000492665 0.0545929
160.558 -0.000491779 0.0545135
160.75 -0.000490897 0.0544342
160.943 -0.000490017 0.0543549
161.135 -0.000489139 0.0542755
161.328 -0.000488265 0.0541962
161.52 -0.000487393 0.0541168
161.712 -0.000486523 0.0540375
161.905 -0.000485656 0.0539581
162.097 -0.000484792 0.0538849
162.29 -0.00048393 0.0538055
162.482 -0.000483071 0.0537262
162.674 -0.000482214 0.0536469
162.867 -0.00048136 0.0535736
163.059 -0.000480508 0.0534943
163.252 -0.000479659 0.0534149
163.444 -0.000478813 0.0533417
163.636 -0.000477968 0.0532623
163.829 -0.000477127 0.0531891
164.021 -0.000476288 0.0531097
164.214 -0.000475451 0.0530365
164.406 -0.000474616 0.0529572
164.598 -0.000473784 0.0528839
164.791 -0.000472955 0.0528046
164.983 -0.000472128 0.0527313
165.176 -0.000471303 0.0526581
165.368 -0.000470481 0.0525787
165.56 -0.000469661 0.0525055
165.753 -0.000468844 0.0524323
165.945 -0.000468029 0.052359
166.138 -0.000467216 0.0522797
166.33 -0.000466406 0.0522064
166.522 -0.000465598 0.0521332
166.715 -0.000464792 0.0520599
166.907 -0.000463989 0.0519867
167.1 -0.000463188 0.0519135
167.292 -0.000462389 0.0518402
167.484 -0.000461593 0.051767
167.677 -0.000460798 0.0516937
167.869 -0.000460006 0.0516205
168.062 -0.000459217 0.0515472
168.254 -0.000458429 0.0514801
168.446 -0.000457644 0.0514069
168.639 -0.000456861 0.0513336
168.831 -0.000456081 0.0512604
169.024 -0.000455302 0.0511871
169.216 -0.000454526 0.05112
169.408 -0.000453752 0.0510468
169.601 -0.00045298 0.0509735
169.793 -0.00045221 0.0509064
169.986 -0.000451443 0.0508331
170.178 -0.000450678 0.050766
170.37 -0.000449915 0.0506927
170.563 -0.000449154 0.0506256
170.755 -0.000448395 0.0505524
170.948 -0.000447638 0.0504852
171.14 -0.000446884 0.050412
171.332 -0.000446131 0.0503448
171.525 -0.000445381 0.0502777
171.717 -0.000444633 0.0502045
171.91 -0.000443886 0.0501373
172.102 -0.000443142 0.0500702
172.294 -0.0004424 0.0500031
172.487 -0.00044166 0.0499298
172.679 -0.000440923 0.0498627
172.872 -0.000440187 0.0497955
173.064 -0.000439453 0.0497284
173.256 -0.000438721 0.0496613
173.449 -0.000437992 0.0495941
173.641 -0.000437264 0.049527
173.834 -0.000436538 0.0494598
174.026 -0.000435815 0.0493927
174.218 -0.000435093 0.0493256
174.411 -0.000434373 0.0492584
174.603 -0.000433656 0.0491913
174.796 -0.00043294 0.0491241
174.988 -0.000432226 0.049057
175.18 -0.000431514 0.0489899
175.373 -0.000430805 0.0489227
175.565 -0.000430097 0.0488556
175.758 -0.000429391 0.0487946
175.95 -0.000428687 0.0487274
176.142 -0.000427985 0.0486603
176.335 -0.000427284 0.0485992
176.527 -0.000426586 0.0485321
176.72 -0.00042589 0.048465
176.912 -0.000425195 0.0484039
177.104 -0.000424503 0.0483368
177.297 -0.000423812 0.0482697
177.489 -0.000423123 0.0482086
177.682 -0.000422436 0.0481415
177.874 -0.000421751 0.0480804
178.066 -0.000421068 0.0480133
178.259 -0.000420386 0.0479523
178.451 -0.000419707 0.0478912
178.644 -0.000419029 0.0478241
178.836 -0.000418353 0.0477631
179.028 -0.000417679 0.0476959
179.221 -0.000417007 0.0476349
179.413 -0.000416336 0.0475739
179.606 -0.000415667 0.0475128
179.798 -0.000415001 0.0474457
179.99 -0.000414336 0.0473846
180.183 -0.000413672 0.0473236
180.375 -0.000413011 0.0472626
180.568 -0.000412351 0.0472015
180.76 -0.000411693 0.0471344
180.952 -0.000411036 0.0470734
181.145 -0.000410382 0.0470123
181.337 -0.000409729 0.0469513
181.53 -0.000409078 0.0468903
181.722 -0.000408428 0.0468292
181.914 -0.000407781 0.0467682
182.107 -0.000407135 0.0467072
182.299 -0.000406491 0.0466461
182.492 -0.000405848 0.0465851
182.684 -0.000405207 0.046524
182.876 -0.000404568 0.0464691
183.069 -0.00040393 0.0464081
183.261 -0.000403295 0.046347
183.454 -0.000402661 0.046286
183.646 -0.000402028 0.046225
183.838 -0.000401397 0.0461639
184.031 -0.000400768 0.046109
184.223 -0.00040014 0.046048
184.416 -0.000399514 0.0459869
184.608 -0.00039889 0.045932
184.8 -0.000398268 0.045871
184.993 -0.000397647 0.0458099
185.185 -0.000397027 0.045755
185.378 -0.000396409 0.045694
185.57 -0.000395793 0.045639
185.762 -0.000395178 0.045578
185.955 -0.000394565 0.0455231
186.147 -0.000393954 0.045462
186.34 -0.000393344 0.0454071
186.532 -0.000392736 0.0453461
186.724 -0.000392129 0.0452911
186.917 -0.000391524 0.0452301
187.109 -0.00039092 0.0451752
187.302 -0.000390318 0.0451141
187.494 -0.000389717 0.0450592
187.686 -0.000389119 0.0450043
187.879 -0.000388521 0.0449432
188.071 -0.000387925 0.0448883
188.264 -0.000387331 0.0448334
188.456 -0.000386738 0.0447784
188.648 -0.000386147 0.0447174
188.841 -0.000385557 0.0446625
189.033 -0.000384968 0.0446075
189.226 -0.000384381 0.0445526
189.418 -0.000383796 0.0444977
189.61 -0.000383212 0.0444427
189.803 -0.00038263 0.0443817
189.995 -0.000382049 0.0443268
190.188 -0.000381469 0.0442719
190.38 -0.000380891 0.0442169
190.572 -0.000380315 0.044162
190.765 -0.00037974 0.0441071
190.957 -0.000379166 0.0440521
191.15 -0.000378594 0.0439972
191.342 -0.000378023 0.0439423
191.534 -0.000377454 0.0438873
191.727 -0.000376886 0.0438324
191.919 -0.000376319 0.0437836
192.112 -0.000375754 0.0437286
192.304 -0.000375191 0.0436737
192.496 -0.000374628 0.0436188
192.689 -0.000374068 0.0435638
192.881 -0.000373508 0.0435089
193.074 -0.00037295 0.0434601
193.266 -0.000372394 0.0434052
193.458 -0.000371838 0.0433502
193.651 -0.000371284 0.0432953
193.843 -0.000370732 0.0432465
194.036 -0.000370181 0.0431915
194.228 -0.000369631 0.0431366
194.42 -0.000369083 0.0430878
194.613 -0.000368535 0.0430328
194.805 -0.00036799 0.0429779
194.998 -0.000367445 0.0429291
195.19 -0.000366902 0.0428741
195.382 -0.000366361 0.0428253
195.575 -0.00036582 0.0427704
195.767 -0.000365281 0.0427216
195.96 -0.000364744 0.0426666
196.152 -0.000364207 0.0426178
196.344 -0.000363672 0.0425629
196.537 -0.000363138 0.042514
196.729 -0.000362606 0.0424591
196.922 -0.000362075 0.0424103
197.114 -0.000361545 0.0423615
197.306 -0.000361016 0.0423065
197.499 -0.000360489 0.0422577
197.691 -0.000359963 0.0422089
197.884 -0.000359438 0.0421539
198.076 -0.000358915 0.0421051
198.268 -0.000358393 0.0420563
198.461 -0.000357872 0.0420013
198.653 -0.000357352 0.0419525
198.846 -0.000356834 0.0419037
199.038 -0.000356317 0.0418549
199.23 -0.000355801 0.041806
199.423 -0.000355286 0.0417511
199.615 -0.000354773 0.0417023
199.808 -0.00035426 0.0416534
200 -0.000353749 0.0416046
