7.6 -0.0488824 1.50072
7.7924 -0.047042 1.45344
7.9848 -0.0453146 1.40866
8.1772 -0.0436909 1.36621
8.3696 -0.0421622 1.32591
8.562 -0.040721 1.28761
8.7544 -0.0393603 1.25117
8.9468 -0.038074 1.21645
9.1392 -0.0368565 1.18336
9.3316 -0.0357027 1.15177
9.524 -0.0346081 1.1216
9.7164 -0.0335685 1.09274
9.9088 -0.03258 1.06513
10.1012 -0.0316393 1.03869
10.2936 -0.0307431 1.01334
10.486 -0.0298886 0.989033
10.6784 -0.029073 0.965687
10.8708 -0.028294 0.943264
11.0632 -0.0275492 0.921711
11.2556 -0.0268367 0.900974
11.448 -0.0261544 0.881018
11.6404 -0.0255006 0.861792
11.8328 -0.0248737 0.843266
12.0252 -0.0242721 0.825399
12.2176 -0.0236944 0.808158
12.41 -0.0231394 0.791519
12.6024 -0.0226057 0.775443
12.7948 -0.0220923 0.759909
12.9872 -0.021598 0.744888
13.1796 -0.021122 0.730362
13.372 -0.0206632 0.716299
13.5644 -0.0202209 0.702682
13.7568 -0.0197941 0.689498
13.9492 -0.0193822 0.676712
14.1416 -0.0189844 0.664322
14.334 -0.0186001 0.652306
14.5264 -0.0182286 0.640648
14.7188 -0.0178693 0.629325
14.9112 -0.0175216 0.618335
15.1036 -0.0171852 0.607659
15.296 -0.0168594 0.597285
15.4884 -0.0165437 0.587206
15.6808 -0.0162379 0.5774
15.8732 -0.0159413 0.56786
16.0656 -0.0156537 0.558577
16.258 -0.0153747 0.549541
16.4504 -0.0151038 0.540752
16.6428 -0.0148409 0.532182
16.8352 -0.0145855 0.523833
17.0276 -0.0143373 0.515703
17.22 -0.0140962 0.507774
17.4124 -0.0138617 0.500047
17.6048 -0.0136337 0.492512
17.7972 -0.0134118 0.485157
17.9896 -0.013196 0.477978
18.182 -0.0129858 0.470974
18.3744 -0.0127812 0.46413
18.5668 -0.012582 0.457455
18.7592 -0.0123878 0.450932
18.9516 -0.0121987 0.444553
19.144 -0.0120142 0.438328
19.3364 -0.0118345 0.43224
19.5288 -0.0116591 0.426289
19.7212 -0.0114881 0.420467
19.9136 -0.0113212 0.414776
20.106 -0.0111583 0.409206
20.2984 -0.0109993 0.403759
20.4908 -0.010844 0.398428
20.6832 -0.0106924 0.393204
20.8756 -0.0105443 0.388095
21.068 -0.0103996 0.38309
21.2604 -0.0102581 0.378189
21.4528 -0.0101199 0.373386
21.6452 -0.0099847 0.368686
21.8376 -0.00985253 0.364072
22.03 -0.00972325 0.359555
22.2224 -0.00959678 0.355124
22.4148 -0.00947304 0.350784
22.6072 -0.00935194 0.346524
22.7996 -0.00923341 0.342349
22.992 -0.00911737 0.338254
23.1844 -0.00900374 0.334232
23.3768 -0.00889246 0.330289
23.5692 -0.00878346 0.326419
23.7616 -0.00867668 0.322623
23.954 -0.00857205 0.318893
24.1464 -0.00846951 0.315231
24.3388 -0.00836901 0.311642
24.5312 -0.00827048 0.308109
24.7236 -0.00817388 0.304642
24.916 -0.00807915 0.301236
25.1084 -0.00798624 0.29789
25.3008 -0.0078951 0.294603
25.4932 -0.00780569 0.291371
25.6856 -0.00771796 0.288194
25.878 -0.00763187 0.285072
26.0704 -0.00754737 0.282005
26.2628 -0.00746442 0.278993
26.4552 -0.00738299 0.276027
26.6476 -0.00730304 0.273106
26.84 -0.00722452 0.270241
27.0324 -0.0071474 0.267412
27.2248 -0.00707165 0.264638
27.4172 -0.00699724 0.261909
27.6096 -0.00692412 0.259218
27.802 -0.00685228 0.256572
27.9944 -0.00678167 0.253972
28.1868 -0.00671227 0.251408
28.3792 -0.00664406 0.248891
28.5716 -0.006577 0.2464
28.764 -0.00651106 0.243956
28.9564 -0.00644622 0.241548
29.1488 -0.00638245 0.239177
29.3412 -0.00631974 0.236842
29.5336 -0.00625805 0.234544
29.726 -0.00619736 0.232274
29.9184 -0.00613765 0.230049
30.1108 -0.00607889 0.227843
30.3032 -0.00602108 0.225682
30.4956 -0.00596418 0.22354
30.688 -0.00590817 0.221443
30.8804 -0.00585304 0.219365
31.0728 -0.00579876 0.217323
31.2652 -0.00574533 0.215309
31.4576 -0.00569271 0.213313
31.65 -0.0056409 0.211354
31.8424 -0.00558987 0.209422
32.0348 -0.00553961 0.207518
32.2272 -0.00549011 0.205641
32.4196 -0.00544134 0.203792
32.612 -0.00539329 0.201961
32.8044 -0.00534595 0.200157
32.9968 -0.0052993 0.19838
33.1892 -0.00525333 0.196628
33.3816 -0.00520803 0.194894
33.574 -0.00516338 0.193192
33.7664 -0.00511937 0.191501
33.9588 -0.00507598 0.189841
34.1512 -0.0050332 0.188199
34.3436 -0.00499103 0.186581
34.536 -0.00494945 0.184982
34.7284 -0.00490844 0.183401
34.9208 -0.004868 0.181845
35.1132 -0.00482812 0.180307
35.3056 -0.00478879 0.178787
35.498 -0.00474998 0.177286
35.6904 -0.00471171 0.175803
35.8828 -0.00467395 0.174344
36.0752 -0.0046367 0.172897
36.2676 -0.00459994 0.171469
36.46 -0.00456366 0.170059
36.6524 -0.00452787 0.168668
36.8448 -0.00449255 0.167294
37.0372 -0.00445768 0.165933
37.2296 -0.00442327 0.164597
37.422 -0.0043893 0.163266
37.6144 -0.00435577 0.16196
37.8068 -0.00432267 0.160666
37.9992 -0.00428999 0.159384
38.1916 -0.00425772 0.158121
38.384 -0.00422586 0.15687
38.5764 -0.0041944 0.155637
38.7688 -0.00416333 0.154416
38.9612 -0.00413264 0.153207
39.1536 -0.00410233 0.152017
39.346 -0.0040724 0.150833
39.5384 -0.00404283 0.149667
39.7308 -0.00401362 0.14852
39.9232 -0.00398477 0.147379
40.1156 -0.00395626 0.146249
40.308 -0.00392809 0.145139
40.5004 -0.00390026 0.144034
40.6928 -0.00387276 0.142947
40.8852 -0.00384559 0.141867
41.0776 -0.00381874 0.140805
41.27 -0.0037922 0.139749
41.4624 -0.00376597 0.138705
41.6548 -0.00374004 0.137674
41.8472 -0.00371442 0.136655
42.0396 -0.00368909 0.135641
42.232 -0.00366405 0.134647
42.4244 -0.00363929 0.133658
42.6168 -0.00361482 0.132681
42.8092 -0.00359062 0.131711
43.0016 -0.0035667 0.130759
43.194 -0.00354304 0.129807
43.3864 -0.00351964 0.128873
43.5788 -0.00349651 0.127945
43.7712 -0.00347363 0.127023
43.9636 -0.00345101 0.12612
44.156 -0.00342863 0.125217
44.3484 -0.0034065 0.124326
44.5408 -0.0033846 0.123447
44.7332 -0.00336294 0.122574
44.9256 -0.00334152 0.121713
45.118 -0.00332032 0.120859
45.3104 -0.00329935 0.12001
45.5028 -0.00327861 0.119174
45.6952 -0.00325809 0.118344
45.8876 -0.00323778 0.11752
46.08 -0.00321769 0.116708
46.2724 -0.0031978 0.115903
46.4648 -0.00317812 0.115109
46.6572 -0.00315865 0.114316
46.8496 -0.00313938 0.113535
47.042 -0.0031203 0.112759
47.2344 -0.00310143 0.111996
47.4268 -0.00308274 0.111234
47.6192 -0.00306425 0.110483
47.8116 -0.00304594 0.109738
48.004 -0.00302781 0.109
48.1964 -0.00300987 0.108267
48.3888 -0.00299212 0.107541
48.5812 -0.00297453 0.106827
48.7736 -0.00295712 0.106113
48.966 -0.00293988 0.105411
49.1584 -0.00292282 0.104709
49.3508 -0.00290592 0.104019
49.5432 -0.00288918 0.103336
49.7356 -0.00287261 0.102658
49.928 -0.0028562 0.101981
50.1204 -0.00283996 0.101315
50.3128 -0.00282386 0.100656
50.5052 -0.00280791 0.100003
50.6976 -0.00279213 0.09935
50.89 -0.00277649 0.0987091
51.0824 -0.002761 0.0980743
51.2748 -0.00274566 0.0974396
51.4672 -0.00273046 0.096817
51.6596 -0.00271541 0.0961945
51.852 -0.0027005 0.095578
52.0444 -0.00268573 0.0949677
52.2368 -0.00267108 0.0943634
52.4292 -0.00265658 0.0937653
52.6216 -0.00264222 0.0931732
52.814 -0.00262798 0.0925812
53.0064 -0.00261388 0.0920013
53.1988 -0.00259989 0.0914215
53.3912 -0.00258604 0.0908478
53.5836 -0.00257232 0.0902802
53.776 -0.00255872 0.0897125
53.9684 -0.00254525 0.0891571
54.1608 -0.00253188 0.0886017
54.3532 -0.00251865 0.0880524
54.5456 -0.00250553 0.0875092
54.738 -0.00249252 0.0869659
54.9304 -0.00247964 0.0864288
55.1228 -0.00246687 0.0858978
55.3152 -0.0024542 0.0853668
55.5076 -0.00244165 0.084848
55.7 -0.0024292 0.0843292
55.8924 -0.00241688 0.0838104
56.0848 -0.00240464 0.0833038
56.2772 -0.00239253 0.0827972
56.4696 -0.00238051 0.0822968
56.662 -0.0023686 0.0817963
56.8544 -0.00235678 0.0813019
57.0468 -0.00234507 0.0808136
57.2392 -0.00233346 0.0803253
57.4316 -0.00232195 0.0798431
57.624 -0.00231053 0.0793671
57.8164 -0.00229921 0.078891
58.0088 -0.00228798 0.078421
58.2012 -0.00227686 0.077951
58.3936 -0.00226582 0.0774872
58.586 -0.00225487 0.0770294
58.7784 -0.00224402 0.0765717
58.9708 -0.00223325 0.07612
59.1632 -0.00222258 0.0756683
59.3556 -0.00221198 0.0752228
59.548 -0.00220147 0.0747833
59.7404 -0.00219106 0.0743439
59.9328 -0.00218073 0.0739044
60.1252 -0.00217047 0.0734772
60.3176 -0.00216032 0.0730438
60.51 -0.00215022 0.0726227
60.7024 -0.00214022 0.0721954
60.8948 -0.00213029 0.0717804
61.0872 -0.00212046 0.0713593
61.2796 -0.00211068 0.0709503
61.472 -0.002101 0.0705414
61.6644 -0.00209138 0.0701324
61.8568 -0.00208185 0.0697296
62.0492 -0.00207239 0.0693268
62.2416 -0.00206301 0.0689301
62.434 -0.00205369 0.0685333
62.6264 -0.00204444 0.0681427
62.8188 -0.00203528 0.0677521
63.0112 -0.00202618 0.0673676
63.2036 -0.00201715 0.066983
63.396 -0.0020082 0.0665985
63.5884 -0.00199931 0.0662201
63.7808 -0.00199048 0.0658478
63.9732 -0.00198173 0.0654755
64.1656 -0.00197304 0.0651031
64.358 -0.00196442 0.0647369
64.5504 -0.00195586 0.0643707
64.7428 -0.00194738 0.0640106
64.9352 -0.00193894 0.0636505
65.1276 -0.00193059 0.0632904
65.32 -0.00192229 0.0629364
65.5124 -0.00191405 0.0625824
65.7048 -0.00190586 0.0622345
65.8972 -0.00189775 0.0618866
66.0896 -0.00188969 0.0615448
66.282 -0.00188169 0.061203
66.4744 -0.00187375 0.0608612
66.6668 -0.00186586 0.0605255
66.8592 -0.00185805 0.0601898
67.0516 -0.00185027 0.0598541
67.244 -0.00184256 0.0595245
67.4364 -0.00183491 0.0591949
67.6288 -0.00182732 0.0588715
67.8212 -0.00181978 0.0585419
68.0136 -0.00181229 0.0582245
68.206 -0.00180485 0.057901
68.3984 -0.00179746 0.0575836
68.5908 -0.00179014 0.0572723
68.7832 -0.00178287 0.056955
68.9756 -0.00177563 0.0566437
69.168 -0.00176845 0.0563385
69.3604 -0.00176134 0.0560272
69.5528 -0.00175427 0.055722
69.7452 -0.00174723 0.055423
69.9376 -0.00174026 0.0551178
70.13 -0.00173335 0.0548187
70.3224 -0.00172646 0.0545258
70.5148 -0.00171963 0.0542267
70.7072 -0.00171285 0.0539337
70.8996 -0.00170612 0.0536407
71.092 -0.00169943 0.0533539
71.2844 -0.00169278 0.053067
71.4768 -0.00168619 0.0527802
71.6692 -0.00167964 0.0524933
71.8616 -0.00167313 0.0522125
72.054 -0.00166667 0.0519318
72.2464 -0.00166025 0.0516571
72.4388 -0.00165389 0.0513763
72.6312 -0.00164754 0.0511017
72.8236 -0.00164125 0.0508331
73.016 -0.00163501 0.0505585
73.2084 -0.00162881 0.0502899
73.4008 -0.00162265 0.0500214
73.5932 -0.00161653 0.0497528
73.7856 -0.00161043 0.0494904
73.978 -0.0016044 0.0492279
74.1704 -0.00159839 0.0489655
74.3628 -0.00159245 0.048703
74.5552 -0.00158652 0.0484467
74.7476 -0.00158064 0.0481903
74.94 -0.0015748 0.047934
75.1324 -0.00156898 0.0476837
75.3248 -0.00156322 0.0474274
75.5172 -0.0015575 0.0471771
75.7096 -0.0015518 0.0469269
75.902 -0.00154613 0.0466827
76.0944 -0.00154051 0.0464386
76.2868 -0.00153493 0.0461945
76.4792 -0.00152939 0.0459503
76.6716 -0.00152388 0.0457062
76.864 -0.00151841 0.0454681
77.0564 -0.00151296 0.0452301
77.2488 -0.00150757 0.0449921
77.4412 -0.00150219 0.044754
77.6336 -0.00149685 0.0445221
77.826 -0.00149154 0.0442902
78.0184 -0.00148627 0.0440582
78.2108 -0.00148104 0.0438263
78.4032 -0.00147584 0.0435944
78.5956 -0.00147068 0.0433685
78.788 -0.00146553 0.0431427
78.9804 -0.00146044 0.0429169
79.1728 -0.00145536 0.0426971
79.3652 -0.00145031 0.0424713
79.5576 -0.0014453 0.0422516
79.75 -0.00144032 0.0420319
79.9424 -0.00143537 0.0418121
80.1348 -0.00143046 0.0415924
80.3272 -0.00142558 0.0413788
80.5196 -0.0014207 0.0411652
80.712 -0.00141589 0.0409515
80.9044 -0.00141108 0.0407379
81.0968 -0.0014063 0.0405304
81.2892 -0.00140158 0.0403168
81.4816 -0.00139687 0.0401093
81.674 -0.00139219 0.0399017
81.8664 -0.00138754 0.0396942
82.0588 -0.00138291 0.0394867
82.2512 -0.0013783 0.0392853
82.4436 -0.00137374 0.0390839
82.636 -0.00136918 0.0388824
82.8284 -0.00136468 0.038681
83.0208 -0.00136018 0.0384796
83.2132 -0.00135571 0.0382843
83.4056 -0.0013513 0.0380829
83.598 -0.00134689 0.0378876
83.7904 -0.0013425 0.0376923
83.9828 -0.00133815 0.0374969
84.1752 -0.00133379 0.0373077
84.3676 -0.0013295 0.0371124
84.56 -0.00132523 0.0369232
84.7524 -0.00132095 0.036734
84.9448 -0.00131674 0.0365448
85.1372 -0.00131252 0.0363556
85.3296 -0.00130836 0.0361664
85.522 -0.0013042 0.0359833
85.7144 -0.00130006 0.0358002
85.9068 -0.00129595 0.035611
86.0992 -0.00129186 0.0354279
86.2916 -0.00128781 0.0352509
86.484 -0.00128377 0.0350677
86.6764 -0.00127977 0.0348846
86.8688 -0.00127575 0.0347076
87.0612 -0.0012718 0.0345306
87.2536 -0.00126783 0.0343536
87.446 -0.00126393 0.0341766
87.6384 -0.00126001 0.0339996
87.8308 -0.00125613 0.0338287
88.0232 -0.00125229 0.0336517
88.2156 -0.00124845 0.0334808
88.408 -0.00124464 0.0333099
88.6004 -0.00124085 0.033139
88.7928 -0.00123708 0.0329681
88.9852 -0.00123333 0.0327972
89.1776 -0.00122958 0.0326324
89.37 -0.00122588 0.0324615
89.5624 -0.00122221 0.0322968
89.7548 -0.00121852 0.032132
89.9472 -0.00121489 0.0319672
90.1396 -0.00121125 0.0318024
90.332 -0.00120767 0.0316376
90.5244 -0.00120407 0.0314728
90.7168 -0.0012005 0.0313141
90.9092 -0.00119694 0.0311554
91.1016 -0.00119345 0.0309906
91.294 -0.00118994 0.0308319
91.4864 -0.00118645 0.0306732
91.6788 -0.00118295 0.0305206
91.8712 -0.00117951 0.0303619
92.0636 -0.00117608 0.0302032
92.256 -0.00117268 0.0300507
92.4484 -0.00116926 0.0298981
92.6408 -0.0011659 0.0297394
92.8332 -0.00116256 0.0295868
93.0256 -0.0011592 0.0294342
93.218 -0.00115587 0.0292877
93.4104 -0.00115259 0.0291351
93.6028 -0.00114929 0.0289825
93.7952 -0.00114601 0.0288361
93.9876 -0.00114279 0.0286835
94.18 -0.00113956 0.028537
94.3724 -0.00113634 0.0283905
94.5648 -0.00113314 0.028244
94.7572 -0.00112996 0.0280975
94.9496 -0.0011268 0.027951
95.142 -0.00112362 0.0278107
95.3344 -0.0011205 0.0276642
95.5268 -0.00111739 0.0275238
95.7192 -0.00111431 0.0273773
95.9116 -0.0011112 0.0272369
96.104 -0.00110815 0.0270966
96.2964 -0.00110508 0.0269562
96.4888 -0.00110207 0.0268158
96.6812 -0.00109904 0.0266754
96.8736 -0.00109602 0.0265411
97.066 -0.00109306 0.0264008
97.2584 -0.00109008 0.0262665
97.4508 -0.00108712 0.0261261
97.6432 -0.00108417 0.0259918
97.8356 -0.00108124 0.0258575
98.028 -0.00107833 0.0257233
98.2204 -0.00107544 0.025589
98.4128 -0.00107256 0.0254547
98.6052 -0.0010697 0.0253204
98.7976 -0.00106685 0.0251923
98.99 -0.00106403 0.025058
99.1824 -0.00106117 0.0249298
99.3748 -0.00105838 0.0247955
99.5672 -0.0010556 0.0246674
99.7596 -0.0010528 0.0245392
99.952 -0.00105005 0.024411
100.144 -0.00104728 0.0242828
100.337 -0.00104457 0.0241547
100.529 -0.00104183 0.0240265
100.722 -0.00103914 0.0238983
100.914 -0.00103643 0.0237762
101.106 -0.00103374 0.0236481
101.299 -0.00103106 0.023526
101.491 -0.00102844 0.0233978
101.684 -0.00102579 0.0232758
101.876 -0.00102316 0.0231537
102.068 -0.00102054 0.0230316
102.261 -0.00101794 0.0229095
102.453 -0.00101535 0.0227875
102.646 -0.00101278 0.0226654
102.838 -0.00101022 0.0225433
103.03 -0.00100763 0.0224274
103.223 -0.0010051 0.0223053
103.415 -0.00100258 0.0221893
103.608 -0.00100008 0.0220673
103.8 -0.000997552 0.0219513
103.992 -0.000995078 0.0218353
104.185 -0.000992619 0.0217133
104.377 -0.00099013 0.0215973
104.57 -0.000987699 0.0214813
104.762 -0.000985236 0.0213654
104.954 -0.000982788 0.0212555
105.147 -0.000980398 0.0211395
105.339 -0.000977976 0.0210236
105.532 -0.000975613 0.0209076
105.724 -0.000973218 0.0207977
105.916 -0.000970836 0.0206818
106.109 -0.000968467 0.0205719
106.301 -0.000966111 0.020462
106.494 -0.000963769 0.0203522
106.686 -0.000961485 0.0202362
106.878 -0.000959168 0.0201263
107.071 -0.000956864 0.0200165
107.263 -0.000954572 0.0199066
107.456 -0.000952293 0.0197968
107.648 -0.00094998 0.019693
107.84 -0.000947726 0.0195831
108.033 -0.000945484 0.0194733
108.225 -0.000943255 0.0193695
108.418 -0.000941038 0.0192596
108.61 -0.000938786 0.0191559
108.802 -0.000936593 0.019046
108.995 -0.000934413 0.0189423
109.187 -0.000932196 0.0188385
109.38 -0.00093004 0.0187286
109.572 -0.000927895 0.0186249
109.764 -0.000925714 0.0185211
109.957 -0.000923593 0.0184174
110.149 -0.000921435 0.0183136
110.342 -0.000919288 0.0182159
110.534 -0.000917201 0.0181122
110.726 -0.000915077 0.0180084
110.919 -0.000913014 0.0179047
111.111 -0.000910913 0.017807
111.304 -0.000908822 0.0177032
111.496 -0.000906743 0.0176056
111.688 -0.000904725 0.0175018
111.881 -0.000902668 0.0174042
112.073 -0.000900622 0.0173065
112.266 -0.000898586 0.0172028
112.458 -0.000896562 0.0171051
112.65 -0.000894548 0.0170074
112.843 -0.000892545 0.0169098
113.035 -0.000890552 0.0168121
113.228 -0.00088857 0.0167145
113.42 -0.000886599 0.0166168
113.612 -0.000884638 0.0165192
113.805 -0.000882687 0.0164215
113.997 -0.000880747 0.01633
114.19 -0.000878817 0.0162323
114.382 -0.000876897 0.0161346
114.574 -0.000874936 0.0160431
114.767 -0.000873036 0.0159454
114.959 -0.000871147 0.0158539
115.152 -0.000869215 0.0157623
115.344 -0.000867346 0.0156647
115.536 -0.000865486 0.0155731
115.729 -0.000863584 0.0154816
115.921 -0.000861744 0.0153839
116.114 -0.000859914 0.0152924
116.306 -0.000858041 0.0152008
116.498 -0.00085623 0.0151093
116.691 -0.000854376 0.0150177
116.883 -0.000852584 0.0149261
117.076 -0.000850748 0.0148346
117.268 -0.000848922 0.0147491
117.46 -0.000847158 0.0146576
117.653 -0.000845351 0.014566
117.845 -0.000843606 0.0144745
118.038 -0.000841816 0.014389
118.23 -0.000840036 0.0142975
118.422 -0.000838264 0.014212
118.615 -0.000836556 0.0141205
118.807 -0.000834802 0.014035
119 -0.000833057 0.0139435
119.192 -0.000831321 0.013858
119.384 -0.000829648 0.0137665
119.577 -0.00082793 0.013681
119.769 -0.00082622 0.0135956
119.962 -0.000824519 0.0135101
120.154 -0.000822826 0.0134247
120.346 -0.000821142 0.0133331
120.539 -0.000819466 0.0132477
120.731 -0.000817799 0.0131622
120.924 -0.00081614 0.0130768
121.116 -0.000814489 0.0129913
121.308 -0.000812847 0.012912
121.501 -0.000811213 0.0128265
121.693 -0.000809587 0.0127411
121.886 -0.000807969 0.0126556
122.078 -0.000806359 0.0125702
122.27 -0.000804701 0.0124908
122.463 -0.000803108 0.0124054
122.655 -0.000801522 0.0123199
122.848 -0.000799944 0.0122406
123.04 -0.000798374 0.0121552
123.232 -0.000796756 0.0120758
123.425 -0.000795201 0.0119904
123.617 -0.000793655 0.011911
123.81 -0.000792116 0.0118256
124.002 -0.000790527 0.0117462
124.194 -0.000789004 0.0116669
124.387 -0.000787487 0.0115814
124.579 -0.000785922 0.0115021
124.772 -0.00078442 0.0114227
124.964 -0.000782869 0.0113434
125.156 -0.000781383 0.0112579
125.349 -0.000779904 0.0111786
125.541 -0.000778375 0.0110992
125.734 -0.00077691 0.0110199
125.926 -0.000775395 0.0109406
126.118 -0.000773945 0.0108612
126.311 -0.000772444 0.0107819
126.503 -0.000771008 0.0107025
126.696 -0.000769521 0.0106232
126.888 -0.000768098 0.0105438
127.08 -0.000766625 0.0104706
127.273 -0.000765159 0.0103912
127.465 -0.000763757 0.0103119
127.658 -0.000762305 0.0102325
127.85 -0.000760916 0.0101532
128.042 -0.000759477 0.01008
128.235 -0.000758044 0.0100006
128.427 -0.000756676 0.00992126
128.62 -0.000755256 0.00984802
128.812 -0.000753843 0.00976868
129.004 -0.000752494 0.00968933
129.197 -0.000751094 0.00961609
129.389 -0.0007497 0.00953674
129.582 -0.000748312 0.0094635
129.774 -0.000746989 0.00938416
129.966 -0.000745614 0.00931091
130.159 -0.000744245 0.00923157
130.351 -0.000742882 0.00915833
130.544 -0.000741583 0.00907898
130.736 -0.000740232 0.00900574
130.928 -0.000738887 0.00892639
131.121 -0.000737549 0.00885315
131.313 -0.000736216 0.00877991
131.506 -0.000734947 0.00870056
131.698 -0.000733626 0.00862732
131.89 -0.00073231 0.00855408
132.083 -0.000731001 0.00848083
132.275 -0.000729697 0.00840149
132.468 -0.000728399 0.00832825
132.66 -0.000727106 0.008255
132.852 -0.000725877 0.00817566
133.045 -0.000724595 0.00810242
133.237 -0.000723319 0.00802917
133.43 -0.000722049 0.00795593
133.622 -0.000720783 0.00788269
133.814 -0.000719523 0.00780945
134.007 -0.000718269 0.0077301
134.199 -0.000717019 0.00765686
134.392 -0.000715775 0.00758362
134.584 -0.000714536 0.00751038
134.776 -0.000713302 0.00743713
134.969 -0.000712073 0.00736389
135.161 -0.000710907 0.00728455
135.354 -0.000709688 0.0072113
135.546 -0.000708474 0.00713806
135.738 -0.000707264 0.00706482
135.931 -0.00070606 0.00699158
136.123 -0.00070486 0.00691833
136.316 -0.000703665 0.00684509
136.508 -0.000702475 0.00677185
136.7 -0.000701289 0.0066925
136.893 -0.000700108 0.00661926
137.085 -0.000698931 0.00654602
137.278 -0.000697759 0.00647278
137.47 -0.000696591 0.00639954
137.662 -0.000695428 0.00632629
137.855 -0.000694269 0.00625305
138.047 -0.00069317 0.00617371
138.24 -0.000692019 0.00610046
138.432 -0.000690872 0.00602722
138.624 -0.000689729 0.00595398
138.817 -0.00068859 0.00588074
139.009 -0.000687455 0.00580139
139.202 -0.000686324 0.00572815
139.394 -0.000685197 0.00565491
139.586 -0.000684128 0.00557556
139.779 -0.000683008 0.00550232
139.971 -0.000681891 0.00542908
140.164 -0.000680779 0.00534973
140.356 -0.000679669 0.00527649
140.548 -0.000678617 0.00519714
140.741 -0.000677514 0.0051239
140.933 -0.000676414 0.00504456
141.126 -0.000675318 0.00497131
141.318 -0.000674277 0.00489197
141.51 -0.000673187 0.00481262
141.703 -0.000672151 0.00473328
141.895 -0.000671066 0.00466003
142.088 -0.000669984 0.00458069
142.28 -0.000668956 0.00450134
142.472 -0.000667879 0.004422
142.665 -0.000666854 0.00434265
142.857 -0.000665782 0.00426331
143.05 -0.000664762 0.00417786
143.242 -0.000663742 0.00409851
143.434 -0.000662677 0.00401917
143.627 -0.000661661 0.00393372
143.819 -0.000660646 0.00385437
144.012 -0.000659632 0.00376892
144.204 -0.000658619 0.00368347
144.396 -0.000657607 0.00359802
144.589 -0.000656596 0.00351257
144.781 -0.000655585 0.00342712
144.974 -0.000654574 0.00333557
145.166 -0.000653564 0.00325012
145.358 -0.000652596 0.00315857
145.551 -0.000651585 0.00306702
145.743 -0.000650615 0.00297546
145.936 -0.000649643 0.00287781
146.128 -0.000648668 0.00278015
146.32 -0.000647692 0.0026825
146.513 -0.000646712 0.00258484
146.705 -0.00064573 0.00248108
146.898 -0.00064478 0.00237732
147.09 -0.000643825 0.00226746
147.282 -0.000642864 0.00215759
147.475 -0.000641896 0.00204163
147.667 -0.000640953 0.00191956
147.86 -0.00064 0.00179749
148.052 -0.000639064 0.00166321
148.244 -0.00063814 0.00152283
148.437 -0.000637196 0.00137634
148.629 -0.000636254 0.00121155
148.822 -0.000635324 0.00102844
149.014 -0.000634403 0.000808716
149.206 -0.000633486 0.000521851
