7.6 -0.0488923 1.16772
7.7924 -0.0470522 1.12843
7.9848 -0.0453252 1.09126
8.1772 -0.0437019 1.05605
8.3696 -0.0421736 1.02266
8.562 -0.0407327 0.990963
8.7544 -0.0393724 0.960835
8.9468 -0.0380865 0.932171
9.1392 -0.0368693 0.904865
9.3316 -0.035716 0.878827
9.524 -0.0346218 0.853984
9.7164 -0.0335825 0.830254
9.9088 -0.0325945 0.807567
10.1012 -0.0316542 0.785855
10.2936 -0.0307584 0.765067
10.486 -0.0299043 0.745145
10.6784 -0.0290892 0.726041
10.8708 -0.0283106 0.7077
11.0632 -0.0275662 0.690091
11.2556 -0.0268541 0.673166
11.448 -0.0261723 0.656888
11.6404 -0.0255189 0.641224
11.8328 -0.0248924 0.626137
12.0252 -0.0242913 0.611605
12.2176 -0.0237141 0.597597
12.41 -0.0231595 0.584084
12.6024 -0.0226263 0.571046
12.7948 -0.0221133 0.558458
12.9872 -0.0216195 0.546291
13.1796 -0.021144 0.534535
13.372 -0.0206857 0.523174
13.5644 -0.0202438 0.512178
13.7568 -0.0198175 0.50153
13.9492 -0.0194061 0.491222
14.1416 -0.0190088 0.481243
14.334 -0.0186249 0.471569
14.5264 -0.0182539 0.462185
14.7188 -0.0178951 0.453091
14.9112 -0.017548 0.444263
15.1036 -0.017212 0.435696
15.296 -0.0168867 0.42738
15.4884 -0.0165716 0.4193
15.6808 -0.0162662 0.411457
15.8732 -0.0159702 0.403828
16.0656 -0.0156831 0.396408
16.258 -0.0154046 0.389194
16.4504 -0.0151343 0.382175
16.6428 -0.0148718 0.375345
16.8352 -0.014617 0.368692
17.0276 -0.0143694 0.362216
17.22 -0.0141287 0.355911
17.4124 -0.0138948 0.349765
17.6048 -0.0136673 0.343777
17.7972 -0.013446 0.337943
17.9896 -0.0132307 0.332248
18.182 -0.0130211 0.326694
18.3744 -0.0128171 0.32128
18.5668 -0.0126184 0.315994
18.7592 -0.0124248 0.310831
18.9516 -0.0122362 0.305795
19.144 -0.0120523 0.300876
19.3364 -0.0118731 0.296068
19.5288 -0.0116983 0.29138
19.7212 -0.0115278 0.286794
19.9136 -0.0113615 0.282307
20.106 -0.0111992 0.277922
20.2984 -0.0110408 0.273637
20.4908 -0.0108861 0.269444
20.6832 -0.0107351 0.265352
20.8756 -0.0105875 0.261333
21.068 -0.0104434 0.257414
21.2604 -0.0103026 0.253569
21.4528 -0.0101649 0.249806
21.6452 -0.0100303 0.246126
21.8376 -0.00989878 0.242519
22.03 -0.0097701 0.238985
22.2224 -0.00964423 0.235533
22.4148 -0.00952111 0.232137
22.6072 -0.00940061 0.228813
22.7996 -0.0092827 0.225563
22.992 -0.00916726 0.222368
23.1844 -0.00905426 0.219237
23.3768 -0.0089436 0.21617
23.5692 -0.00883522 0.213158
23.7616 -0.00872906 0.21021
23.954 -0.00862505 0.207317
24.1464 -0.00852316 0.204469
24.3388 -0.00842328 0.201686
24.5312 -0.00832539 0.198947
24.7236 -0.00822942 0.196262
24.916 -0.00813533 0.193625
25.1084 -0.00804306 0.191031
25.3008 -0.00795256 0.188492
25.4932 -0.0078638 0.185995
25.6856 -0.00777672 0.183542
25.878 -0.00769127 0.181131
26.0704 -0.00760743 0.178763
26.2628 -0.00752514 0.176437
26.4552 -0.00744436 0.174149
26.6476 -0.00736506 0.171902
26.84 -0.00728721 0.169693
27.0324 -0.00721076 0.16752
27.2248 -0.00713568 0.16539
27.4172 -0.00706193 0.16329
27.6096 -0.00698948 0.161221
27.802 -0.0069183 0.159195
27.9944 -0.00684838 0.157193
28.1868 -0.00677966 0.155228
28.3792 -0.00671213 0.153293
28.5716 -0.00664573 0.151395
28.764 -0.00658049 0.149521
28.9564 -0.00651633 0.147678
29.1488 -0.00645324 0.145865
29.3412 -0.00639121 0.144083
29.5336 -0.00633021 0.142325
29.726 -0.00627022 0.140591
29.9184 -0.00621121 0.138889
30.1108 -0.00615314 0.13721
30.3032 -0.00609604 0.135556
30.4956 -0.00603983 0.133932
30.688 -0.00598452 0.132327
30.8804 -0.0059301 0.130746
31.0728 -0.00587652 0.12919
31.2652 -0.0058238 0.127658
31.4576 -0.00577188 0.126151
31.65 -0.00572077 0.124661
31.8424 -0.00567048 0.12319
32.0348 -0.00562092 0.121744
32.2272 -0.00557214 0.120322
32.4196 -0.00552409 0.118912
32.612 -0.00547677 0.117526
32.8044 -0.00543016 0.116159
32.9968 -0.00538422 0.114816
33.1892 -0.00533899 0.113486
33.3816 -0.0052944 0.112173
33.574 -0.00525048 0.110886
33.7664 -0.00520718 0.10961
33.9588 -0.00516453 0.108353
34.1512 -0.0051225 0.107114
34.3436 -0.00508106 0.105887
34.536 -0.00504021 0.104678
34.7284 -0.00499996 0.103488
34.9208 -0.00496025 0.10231
35.1132 -0.00492111 0.101151
35.3056 -0.00488252 0.100009
35.498 -0.00484448 0.0988739
35.6904 -0.00480694 0.0977631
35.8828 -0.00476992 0.0966583
36.0752 -0.00473341 0.0955719
36.2676 -0.0046974 0.0944977
36.46 -0.00466189 0.0934357
36.6524 -0.00462686 0.092392
36.8448 -0.0045923 0.0913544
37.0372 -0.00455817 0.0903351
37.2296 -0.00452454 0.089328
37.422 -0.00449131 0.0883331
37.6144 -0.00445856 0.0873505
37.8068 -0.00442623 0.0863739
37.9992 -0.00439429 0.0854156
38.1916 -0.0043628 0.0844696
38.384 -0.00433172 0.0835297
38.5764 -0.00430103 0.0826019
38.7688 -0.00427073 0.0816864
38.9612 -0.00424081 0.0807831
39.1536 -0.00421127 0.079892
39.346 -0.0041821 0.079007
39.5384 -0.00415333 0.0781342
39.7308 -0.00412486 0.0772736
39.9232 -0.00409679 0.0764191
40.1156 -0.00406906 0.0755768
40.308 -0.00404171 0.0747406
40.5004 -0.00401464 0.0739166
40.6928 -0.00398794 0.0731049
40.8852 -0.00396155 0.0722931
41.0776 -0.00393547 0.0714996
41.27 -0.00390973 0.0707123
41.4624 -0.0038843 0.069931
41.6548 -0.00385916 0.069162
41.8472 -0.0038343 0.068399
42.0396 -0.00380977 0.0676422
42.232 -0.00378552 0.0668976
42.4244 -0.00376159 0.0661591
42.6168 -0.00373792 0.0654266
42.8092 -0.00371451 0.0647064
43.0016 -0.00369135 0.0639923
43.194 -0.0036685 0.0632843
43.3864 -0.00364594 0.0625824
43.5788 -0.00362357 0.0618927
43.7712 -0.00360154 0.061203
43.9636 -0.00357968 0.0605255
44.156 -0.00355811 0.0598541
44.3484 -0.00353681 0.0591888
44.5408 -0.00351573 0.0585297
44.7332 -0.00349486 0.0578827
44.9256 -0.00347425 0.0572357
45.118 -0.00345385 0.0565948
45.3104 -0.00343371 0.0559662
45.5028 -0.00341376 0.0553375
45.6952 -0.00339406 0.0547211
45.8876 -0.00337455 0.0541046
46.08 -0.00335528 0.0535004
46.2724 -0.0033362 0.0528961
46.4648 -0.00331735 0.052298
46.6572 -0.00329867 0.051712
46.8496 -0.00328022 0.0511261
47.042 -0.003262 0.0505463
47.2344 -0.00324394 0.0499725
47.4268 -0.00322604 0.0494049
47.6192 -0.00320842 0.0488373
47.8116 -0.00319089 0.0482819
48.004 -0.00317364 0.0477264
48.1964 -0.00315653 0.0471771
48.3888 -0.00313956 0.0466339
48.5812 -0.0031228 0.0460968
48.7736 -0.00310624 0.0455658
48.966 -0.00308981 0.0450348
49.1584 -0.00307357 0.0445099
49.3508 -0.00305753 0.0439911
49.5432 -0.00304162 0.0434784
49.7356 -0.00302589 0.0429657
49.928 -0.00301028 0.0424591
50.1204 -0.00299486 0.0419586
50.3128 -0.00297961 0.0414642
50.5052 -0.00296448 0.0409698
50.6976 -0.00294952 0.0404816
50.89 -0.00293474 0.0399933
51.0824 -0.00292012 0.0395111
51.2748 -0.00290561 0.039035
51.4672 -0.00289127 0.038559
51.6596 -0.00287702 0.0380951
51.852 -0.00286293 0.0376251
52.0444 -0.00284901 0.0371674
52.2368 -0.00283524 0.0367035
52.4292 -0.00282156 0.0362518
52.6216 -0.00280804 0.0358002
52.814 -0.00279459 0.0353546
53.0064 -0.00278137 0.0349091
53.1988 -0.00276823 0.0344635
53.3912 -0.00275523 0.0340302
53.5836 -0.0027423 0.0335968
53.776 -0.0027296 0.0331635
53.9684 -0.00271696 0.0327362
54.1608 -0.00270446 0.032309
54.3532 -0.00269202 0.0318878
54.5456 -0.0026798 0.0314667
54.738 -0.00266763 0.0310516
54.9304 -0.0026556 0.0306366
55.1228 -0.00264363 0.0302277
55.3152 -0.00263186 0.0298187
55.5076 -0.00262014 0.0294159
55.7 -0.00260855 0.0290131
55.8924 -0.00259709 0.0286102
56.0848 -0.00258566 0.0282135
56.2772 -0.00257437 0.0278229
56.4696 -0.00256327 0.0274261
56.662 -0.00255213 0.0270416
56.8544 -0.00254119 0.026651
57.0468 -0.00253037 0.0262665
57.2392 -0.00251958 0.025882
57.4316 -0.0025089 0.0255035
57.624 -0.00249833 0.0251251
57.8164 -0.00248788 0.0247467
58.0088 -0.00247753 0.0243744
58.2012 -0.00246721 0.0240021
58.3936 -0.00245708 0.0236298
58.586 -0.00244697 0.0232635
58.7784 -0.00243696 0.0228973
58.9708 -0.00242706 0.0225311
59.1632 -0.00241726 0.0221649
59.3556 -0.00240747 0.0218048
59.548 -0.00239786 0.0214447
59.7404 -0.00238826 0.0210846
59.9328 -0.00237876 0.0207306
60.1252 -0.00236936 0.0203766
60.3176 -0.00236004 0.0200226
60.51 -0.00235082 0.0196686
60.7024 -0.00234169 0.0193146
60.8948 -0.00233264 0.0189667
61.0872 -0.00232368 0.0186127
61.2796 -0.00231473 0.0182648
61.472 -0.00230594 0.0179169
61.6644 -0.00229714 0.017569
61.8568 -0.00228843 0.0172272
62.0492 -0.00227989 0.0168793
62.2416 -0.00227133 0.0165375
62.434 -0.00226286 0.0161896
62.6264 -0.00225446 0.0158478
62.8188 -0.00224613 0.015506
63.0112 -0.00223796 0.0151581
63.2036 -0.00222977 0.0148163
63.396 -0.00222165 0.0144745
63.5884 -0.0022136 0.0141266
63.7808 -0.00220562 0.0137848
63.9732 -0.00219778 0.0134369
64.1656 -0.00218992 0.0130951
64.358 -0.00218212 0.0127472
64.5504 -0.00217447 0.0123993
64.7428 -0.00216678 0.0120514
64.9352 -0.00215923 0.0116974
65.1276 -0.00215173 0.0113495
65.32 -0.00214428 0.0109955
65.5124 -0.00213687 0.0106354
65.7048 -0.00212959 0.0102753
65.8972 -0.00212226 0.00991516
66.0896 -0.00211513 0.00954285
66.282 -0.00210795 0.00917664
66.4744 -0.00210088 0.00879822
66.6668 -0.00209383 0.0084137
66.8592 -0.00208687 0.00802917
67.0516 -0.00207992 0.00763245
67.244 -0.00207311 0.00722351
67.4364 -0.0020663 0.00680847
67.6288 -0.00205954 0.00638123
67.8212 -0.00205283 0.00593567
68.0136 -0.00204619 0.0054718
68.206 -0.0020396 0.00498352
68.3984 -0.00203309 0.00445862
68.5908 -0.0020266 0.00389709
68.7832 -0.00202019 0.00326843
68.9756 -0.0020138 0.00252991
69.168 -0.00200749 0.00153503
