7.6 0.0466033 2.26497
7.7924 0.0449274 2.2021
7.9848 0.0433492 2.1425
8.1772 0.0418608 2.08593
8.3696 0.0404553 2.03215
8.562 0.0391264 1.98098
8.7544 0.0378685 1.93222
8.9468 0.0366762 1.8857
9.1392 0.035545 1.84129
9.3316 0.0344706 1.79882
9.524 0.033449 1.7582
9.7164 0.0324768 1.71929
9.9088 0.0315506 1.68199
10.1012 0.0306674 1.6462
10.2936 0.0298246 1.61183
10.486 0.0290195 1.57881
10.6784 0.02825 1.54706
10.8708 0.0275137 1.51649
11.0632 0.0268088 1.48706
11.2556 0.0261335 1.4587
11.448 0.0254859 1.43134
11.6404 0.0248646 1.40495
11.8328 0.024268 1.37946
12.0252 0.0236949 1.35484
12.2176 0.0231439 1.33105
12.41 0.0226139 1.30803
12.6024 0.0221038 1.28575
12.7948 0.0216125 1.26419
12.9872 0.0211391 1.2433
13.1796 0.0206828 1.22306
13.372 0.0202425 1.20344
13.5644 0.0198177 1.1844
13.7568 0.0194074 1.16593
13.9492 0.0190111 1.14799
14.1416 0.0186281 1.13057
14.334 0.0182578 1.11365
14.5264 0.0178995 1.0972
14.7188 0.0175528 1.08121
14.9112 0.0172171 1.06564
15.1036 0.016892 1.0505
15.296 0.0165769 1.03576
15.4884 0.0162715 1.02141
15.6808 0.0159754 1.00743
15.8732 0.0156881 0.993801
16.0656 0.0154093 0.980526
16.258 0.0151386 0.967579
16.4504 0.0148758 0.954952
16.6428 0.0146205 0.942631
16.8352 0.0143724 0.930614
17.0276 0.0141312 0.91888
17.22 0.0138967 0.907421
17.4124 0.0136686 0.896227
17.6048 0.0134466 0.885295
17.7972 0.0132306 0.874618
17.9896 0.0130203 0.864174
18.182 0.0128155 0.853964
18.3744 0.0126161 0.84398
18.5668 0.0124217 0.834216
18.7592 0.0122322 0.824665
18.9516 0.0120476 0.815313
19.144 0.0118675 0.80616
19.3364 0.0116918 0.797202
19.5288 0.0115205 0.788431
19.7212 0.0113533 0.779837
19.9136 0.01119 0.77142
20.106 0.0110307 0.763174
20.2984 0.0108751 0.755093
20.4908 0.0107231 0.747171
20.6832 0.0105746 0.739407
20.8756 0.0104295 0.73179
21.068 0.0102877 0.724319
21.2604 0.0101491 0.716995
21.4528 0.0100136 0.709811
21.6452 0.00988102 0.702756
21.8376 0.00975136 0.695832
22.03 0.00962451 0.689038
22.2224 0.00950038 0.682368
22.4148 0.0093789 0.675821
22.6072 0.00925998 0.66939
22.7996 0.00914355 0.663073
22.992 0.00902954 0.656867
23.1844 0.00891787 0.650768
23.3768 0.00880849 0.644776
23.5692 0.00870132 0.63889
23.7616 0.00859631 0.633101
23.954 0.00849339 0.627414
24.1464 0.00839251 0.621817
24.3388 0.0082936 0.616316
24.5312 0.00819662 0.610906
24.7236 0.00810152 0.605587
24.916 0.00800824 0.600353
25.1084 0.00791673 0.595198
25.3008 0.00782695 0.590135
25.4932 0.00773886 0.585146
25.6856 0.0076524 0.580238
25.878 0.00756754 0.575414
26.0704 0.00748424 0.570653
26.2628 0.00740245 0.565974
26.4552 0.00732214 0.56136
26.6476 0.00724327 0.556819
26.84 0.00716581 0.552351
27.0324 0.00708971 0.547948
27.2248 0.00701495 0.543608
27.4172 0.0069415 0.539333
27.6096 0.00686932 0.535121
27.802 0.00679837 0.530974
27.9944 0.00672865 0.526881
28.1868 0.0066601 0.522853
28.3792 0.00659271 0.51888
28.5716 0.00652645 0.514961
28.764 0.00646129 0.511098
28.9564 0.0063972 0.507298
29.1488 0.00633417 0.503535
29.3412 0.00627216 0.499836
29.5336 0.00621116 0.496189
29.726 0.00615114 0.49258
29.9184 0.00609209 0.489033
30.1108 0.00603397 0.485523
30.3032 0.00597676 0.482067
30.4956 0.00592046 0.478657
30.688 0.00586503 0.475292
30.8804 0.00581046 0.471966
31.0728 0.00575674 0.468685
31.2652 0.00570383 0.46545
31.4576 0.00565173 0.462254
31.65 0.00560042 0.459103
31.8424 0.00554988 0.45599
32.0348 0.00550009 0.452915
32.2272 0.00545105 0.449879
32.4196 0.00540272 0.44688
32.612 0.00535511 0.44392
32.8044 0.00530819 0.440998
32.9968 0.00526196 0.438114
33.1892 0.00521639 0.435261
33.3816 0.00517147 0.432438
33.574 0.00512719 0.429661
33.7664 0.00508355 0.426907
33.9588 0.00504051 0.424191
34.1512 0.00499808 0.421505
34.3436 0.00495625 0.41885
34.536 0.00491499 0.416233
34.7284 0.0048743 0.413639
34.9208 0.00483417 0.411076
35.1132 0.00479459 0.40855
35.3056 0.00475554 0.406048
35.498 0.00471702 0.403568
35.6904 0.00467902 0.401127
35.8828 0.00464153 0.398709
36.0752 0.00460453 0.396317
36.2676 0.00456802 0.393954
36.46 0.00453199 0.391617
36.6524 0.00449644 0.389304
36.8448 0.00446134 0.387021
37.0372 0.0044267 0.384756
37.2296 0.0043925 0.382523
37.422 0.00435875 0.380307
37.6144 0.00432542 0.378122
37.8068 0.00429251 0.375955
37.9992 0.00426002 0.373813
38.1916 0.00422794 0.371695
38.384 0.00419626 0.369601
38.5764 0.00416497 0.367526
38.7688 0.00413407 0.365475
38.9612 0.00410355 0.363443
39.1536 0.0040734 0.361429
39.346 0.00404362 0.359439
39.5384 0.0040142 0.357474
39.7308 0.00398513 0.355527
39.9232 0.00395642 0.353598
40.1156 0.00392804 0.351688
40.308 0.00390001 0.349796
40.5004 0.0038723 0.347928
40.6928 0.00384493 0.346072
40.8852 0.00381787 0.344241
41.0776 0.00379113 0.342422
41.27 0.0037647 0.340622
41.4624 0.00373857 0.338846
41.6548 0.00371275 0.337082
41.8472 0.00368722 0.335336
42.0396 0.00366198 0.333603
42.232 0.00363703 0.331894
42.4244 0.00361236 0.330197
42.6168 0.00358797 0.328519
42.8092 0.00356385 0.326852
43.0016 0.00354001 0.325204
43.194 0.00351642 0.323575
43.3864 0.0034931 0.321957
43.5788 0.00347003 0.320352
43.7712 0.00344722 0.318765
43.9636 0.00342465 0.317191
44.156 0.00340233 0.315634
44.3484 0.00338025 0.31409
44.5408 0.00335841 0.312564
44.7332 0.0033368 0.311044
44.9256 0.00331542 0.309543
45.118 0.00329427 0.308054
45.3104 0.00327335 0.306577
45.5028 0.00325264 0.305118
45.6952 0.00323215 0.303665
45.8876 0.00321188 0.302231
46.08 0.00319182 0.300809
46.2724 0.00317196 0.2994
46.4648 0.00315231 0.298
46.6572 0.00313287 0.296608
46.8496 0.00311362 0.295235
47.042 0.00309456 0.293871
47.2344 0.0030757 0.292525
47.4268 0.00305704 0.291179
47.6192 0.00303856 0.289851
47.8116 0.00302026 0.288542
48.004 0.00300215 0.287233
48.1964 0.00298422 0.285942
48.3888 0.00296646 0.284651
48.5812 0.00294888 0.283379
48.7736 0.00293148 0.282124
48.966 0.00291424 0.28087
49.1584 0.00289717 0.279625
49.3508 0.00288027 0.278398
49.5432 0.00286353 0.277171
49.7356 0.00284696 0.275963
49.928 0.00283054 0.274763
50.1204 0.00281428 0.273573
50.3128 0.00279818 0.272392
50.5052 0.00278222 0.27122
50.6976 0.00276642 0.270058
50.89 0.00275077 0.268904
51.0824 0.00273527 0.26776
51.2748 0.00271991 0.266624
51.4672 0.00270469 0.265498
51.6596 0.00268961 0.264372
51.852 0.00267468 0.263264
52.0444 0.00265988 0.262166
52.2368 0.00264522 0.261076
52.4292 0.00263069 0.259996
52.6216 0.00261629 0.258916
52.814 0.00260203 0.257854
53.0064 0.00258789 0.256792
53.1988 0.00257388 0.255748
53.3912 0.00256 0.254704
53.5836 0.00254624 0.25367
53.776 0.00253261 0.252644
53.9684 0.00251909 0.251619
54.1608 0.0025057 0.250612
54.3532 0.00249242 0.249605
54.5456 0.00247926 0.248616
54.738 0.00246622 0.247627
54.9304 0.00245329 0.246638
55.1228 0.00244047 0.245668
55.3152 0.00242777 0.244698
55.5076 0.00241517 0.243745
55.7 0.00240268 0.242793
55.8924 0.0023903 0.241841
56.0848 0.00237803 0.240907
56.2772 0.00236586 0.239973
56.4696 0.00235379 0.239049
56.662 0.00234183 0.238124
56.8544 0.00232996 0.237218
57.0468 0.0023182 0.236311
57.2392 0.00230653 0.235414
57.4316 0.00229497 0.234517
57.624 0.00228349 0.233629
57.8164 0.00227212 0.23275
58.0088 0.00226084 0.23188
58.2012 0.00224965 0.23101
58.3936 0.00223855 0.23015
58.586 0.00222755 0.229289
58.7784 0.00221663 0.228438
58.9708 0.0022058 0.227596
59.1632 0.00219506 0.226762
59.3556 0.00218441 0.225929
59.548 0.00217384 0.225096
59.7404 0.00216336 0.224281
59.9328 0.00215296 0.223457
60.1252 0.00214265 0.222652
60.3176 0.00213242 0.221846
60.51 0.00212226 0.221049
60.7024 0.00211219 0.220253
60.8948 0.0021022 0.219466
61.0872 0.00209229 0.218678
61.2796 0.00208245 0.2179
61.472 0.00207269 0.217131
61.6644 0.00206301 0.216362
61.8568 0.0020534 0.215602
62.0492 0.00204387 0.214842
62.2416 0.00203441 0.214091
62.434 0.00202502 0.213341
62.6264 0.00201571 0.212599
62.8188 0.00200646 0.211858
63.0112 0.00199729 0.211125
63.2036 0.00198819 0.210393
63.396 0.00197915 0.209669
63.5884 0.00197018 0.208955
63.7808 0.00196128 0.208241
63.9732 0.00195245 0.207527
64.1656 0.00194369 0.206822
64.358 0.00193498 0.206117
64.5504 0.00192635 0.205421
64.7428 0.00191778 0.204735
64.9352 0.00190927 0.204039
65.1276 0.00190082 0.203362
65.32 0.00189244 0.202684
65.5124 0.00188411 0.202007
65.7048 0.00187585 0.201329
65.8972 0.00186765 0.20067
66.0896 0.00185951 0.200002
66.282 0.00185142 0.199344
66.4744 0.0018434 0.198691
66.6668 0.00183543 0.198038
66.8592 0.00182752 0.197391
67.0516 0.00181967 0.19675
67.244 0.00181187 0.196109
67.4364 0.00180413 0.195474
67.6288 0.00179645 0.194846
67.8212 0.00178881 0.194217
68.0136 0.00178123 0.193594
68.206 0.00177371 0.192972
68.3984 0.00176624 0.192355
68.5908 0.00175882 0.191745
68.7832 0.00175145 0.191135
68.9756 0.00174413 0.19053
69.168 0.00173687 0.189926
69.3604 0.00172965 0.189328
69.5528 0.00172249 0.18873
69.7452 0.00171537 0.188144
69.9376 0.0017083 0.187552
70.13 0.00170128 0.186966
70.3224 0.00169431 0.186386
70.5148 0.00168739 0.185812
70.7072 0.00168051 0.185233
70.8996 0.00167368 0.184665
71.092 0.0016669 0.184097
71.2844 0.00166016 0.18353
71.4768 0.00165347 0.182968
71.6692 0.00164682 0.182413
71.8616 0.00164021 0.181857
72.054 0.00163365 0.181302
72.2464 0.00162714 0.180753
72.4388 0.00162066 0.180209
72.6312 0.00161423 0.179666
72.8236 0.00160785 0.179129
73.016 0.0016015 0.178592
73.2084 0.0015952 0.178055
73.4008 0.00158893 0.177524
73.5932 0.00158271 0.176999
73.7856 0.00157653 0.176474
73.978 0.00157039 0.175949
74.1704 0.00156429 0.17543
74.3628 0.00155822 0.174918
74.5552 0.0015522 0.174405
74.7476 0.00154622 0.173892
74.94 0.00154027 0.173386
75.1324 0.00153436 0.172879
75.3248 0.00152849 0.172379
75.5172 0.00152266 0.171878
75.7096 0.00151686 0.171384
75.902 0.0015111 0.170889
76.0944 0.00150538 0.170395
76.2868 0.00149969 0.169907
76.4792 0.00149404 0.169418
76.6716 0.00148843 0.168936
76.864 0.00148284 0.168454
77.0564 0.0014773 0.167978
77.2488 0.00147179 0.167502
77.4412 0.00146631 0.167026
77.6336 0.00146087 0.166556
77.826 0.00145546 0.166086
78.0184 0.00145008 0.165622
78.2108 0.00144474 0.165158
78.4032 0.00143942 0.164694
78.5956 0.00143415 0.164236
78.788 0.0014289 0.163779
78.9804 0.00142369 0.163327
79.1728 0.0014185 0.162875
79.3652 0.00141335 0.162424
79.5576 0.00140823 0.161978
79.75 0.00140314 0.161533
79.9424 0.00139808 0.161087
80.1348 0.00139305 0.160648
80.3272 0.00138806 0.160208
80.5196 0.00138309 0.159775
80.712 0.00137815 0.159341
80.9044 0.00137324 0.158908
81.0968 0.00136836 0.158481
81.2892 0.00136351 0.158054
81.4816 0.00135868 0.157626
81.674 0.00135389 0.157205
81.8664 0.00134912 0.156784
82.0588 0.00134438 0.156363
82.2512 0.00133967 0.155948
82.4436 0.00133499 0.155533
82.636 0.00133033 0.155118
82.8284 0.0013257 0.154709
83.0208 0.0013211 0.1543
83.2132 0.00131652 0.153891
83.4056 0.00131197 0.153488
83.598 0.00130745 0.153085
83.7904 0.00130295 0.152682
83.9828 0.00129848 0.152286
84.1752 0.00129403 0.151889
84.3676 0.00128961 0.151492
84.56 0.00128522 0.151102
84.7524 0.00128084 0.150711
84.9448 0.0012765 0.15032
85.1372 0.00127218 0.149936
85.3296 0.00126788 0.149551
85.522 0.00126361 0.149167
85.7144 0.00125936 0.148782
85.9068 0.00125513 0.148404
86.0992 0.00125093 0.148026
86.2916 0.00124675 0.147647
86.484 0.00124259 0.147275
86.6764 0.00123846 0.146902
86.8688 0.00123435 0.14653
87.0612 0.00123027 0.146158
87.2536 0.0012262 0.145792
87.446 0.00122216 0.145425
87.6384 0.00121814 0.145065
87.8308 0.00121414 0.144699
88.0232 0.00121016 0.144339
88.2156 0.00120621 0.143979
88.408 0.00120228 0.143625
88.6004 0.00119837 0.143265
88.7928 0.00119447 0.142911
88.9852 0.00119061 0.142557
89.1776 0.00118676 0.142209
89.37 0.00118293 0.141861
89.5624 0.00117912 0.141513
89.7548 0.00117533 0.141165
89.9472 0.00117157 0.140817
90.1396 0.00116782 0.140475
90.332 0.00116409 0.140134
90.5244 0.00116039 0.139798
90.7168 0.0011567 0.139456
90.9092 0.00115303 0.13912
91.1016 0.00114938 0.138785
91.294 0.00114575 0.138449
91.4864 0.00114214 0.13812
91.6788 0.00113855 0.13779
91.8712 0.00113498 0.13746
92.0636 0.00113142 0.137131
92.256 0.00112789 0.136801
92.4484 0.00112437 0.136478
92.6408 0.00112087 0.136154
92.8332 0.00111739 0.135831
93.0256 0.00111393 0.135513
93.218 0.00111048 0.13519
93.4104 0.00110706 0.134872
93.6028 0.00110365 0.134555
93.7952 0.00110026 0.134244
93.9876 0.00109688 0.133926
94.18 0.00109352 0.133615
94.3724 0.00109018 0.133304
94.5648 0.00108686 0.132993
94.7572 0.00108355 0.132687
94.9496 0.00108026 0.132376
95.142 0.00107699 0.132071
95.3344 0.00107373 0.131766
95.5268 0.00107049 0.131467
95.7192 0.00106727 0.131161
95.9116 0.00106406 0.130862
96.104 0.00106087 0.130563
96.2964 0.00105769 0.130264
96.4888 0.00105453 0.129965
96.6812 0.00105139 0.129672
96.8736 0.00104826 0.129379
97.066 0.00104514 0.129086
97.2584 0.00104205 0.128793
97.4508 0.00103896 0.1285
97.6432 0.00103589 0.128214
97.8356 0.00103284 0.127921
98.028 0.0010298 0.127634
98.2204 0.00102678 0.127347
98.4128 0.00102377 0.127066
98.6052 0.00102078 0.126779
98.7976 0.0010178 0.126498
98.99 0.00101484 0.126218
99.1824 0.00101189 0.125937
99.3748 0.00100895 0.125656
99.5672 0.00100603 0.125381
99.7596 0.00100312 0.125107
99.952 0.00100023 0.124832
100.144 0.000997349 0.124557
100.337 0.000994483 0.124283
100.529 0.000991631 0.124008
100.722 0.000988792 0.12374
100.914 0.000985967 0.123471
101.106 0.000983156 0.123203
101.299 0.000980357 0.122934
101.491 0.000977572 0.122665
101.684 0.0009748 0.122397
101.876 0.000972042 0.122134
102.068 0.000969296 0.121872
102.261 0.000966563 0.121609
102.453 0.000963843 0.121347
102.646 0.000961135 0.121085
102.838 0.000958441 0.120828
103.03 0.000955759 0.120572
103.223 0.000953089 0.120316
103.415 0.000950432 0.120059
103.608 0.000947787 0.119803
103.8 0.000945154 0.119547
103.992 0.000942534 0.119296
104.185 0.000939925 0.11904
104.377 0.000937329 0.11879
104.57 0.000934744 0.118539
104.762 0.000932172 0.118289
104.954 0.000929611 0.118045
105.147 0.000927062 0.117795
105.339 0.000924524 0.117551
105.532 0.000921998 0.1173
105.724 0.000919484 0.117056
105.916 0.00091698 0.116812
106.109 0.000914489 0.116574
106.301 0.000912008 0.11633
106.494 0.000909539 0.116092
106.686 0.000907081 0.115848
106.878 0.000904634 0.11561
107.071 0.000902197 0.115372
107.263 0.000899772 0.115134
107.456 0.000897358 0.114902
107.648 0.000894954 0.114664
107.84 0.000892561 0.114432
108.033 0.000890179 0.1142
108.225 0.000887807 0.113962
108.418 0.000885446 0.11373
108.61 0.000883096 0.113504
108.802 0.000880755 0.113272
108.995 0.000878425 0.11304
109.187 0.000876105 0.112814
109.38 0.000873796 0.112589
109.572 0.000871496 0.112363
109.764 0.000869207 0.112137
109.957 0.000866928 0.111911
110.149 0.000864658 0.111685
110.342 0.000862399 0.111459
110.534 0.000860149 0.11124
110.726 0.000857909 0.11102
110.919 0.000855679 0.1108
111.111 0.000853458 0.110574
111.304 0.000851247 0.110361
111.496 0.000849046 0.110141
111.688 0.000846854 0.109921
111.881 0.000844671 0.109708
112.073 0.000842498 0.109488
112.266 0.000840334 0.109274
112.458 0.000838179 0.109061
112.65 0.000836034 0.108847
112.843 0.000833897 0.108633
113.035 0.00083177 0.10842
113.228 0.000829652 0.108212
113.42 0.000827543 0.107999
113.612 0.000825442 0.107791
113.805 0.000823351 0.107584
113.997 0.000821268 0.10737
114.19 0.000819194 0.107162
114.382 0.000817129 0.106961
114.574 0.000815072 0.106754
114.767 0.000813025 0.106546
114.959 0.000810985 0.106345
115.152 0.000808954 0.106137
115.344 0.000806932 0.105936
115.536 0.000804918 0.105734
115.729 0.000802912 0.105533
115.921 0.000800915 0.105331
116.114 0.000798926 0.10513
116.306 0.000796945 0.104929
116.498 0.000794973 0.104733
116.691 0.000793008 0.104532
116.883 0.000791052 0.104337
117.076 0.000789103 0.104141
117.268 0.000787163 0.10394
117.46 0.00078523 0.103745
117.653 0.000783306 0.103549
117.845 0.000781389 0.10336
118.038 0.00077948 0.103165
118.23 0.000777579 0.102969
118.422 0.000775685 0.10278
118.615 0.0007738 0.102591
118.807 0.000771922 0.102396
119 0.000770051 0.102206
119.192 0.000768188 0.102017
119.384 0.000766332 0.101828
119.577 0.000764484 0.101639
119.769 0.000762644 0.101456
119.962 0.00076081 0.101266
120.154 0.000758984 0.101083
120.346 0.000757166 0.100894
120.539 0.000755354 0.100711
120.731 0.00075355 0.100528
120.924 0.000751753 0.100345
121.116 0.000749963 0.100162
121.308 0.00074818 0.0999786
121.501 0.000746405 0.0997955
121.693 0.000744636 0.0996124
121.886 0.000742874 0.0994354
122.078 0.000741119 0.0992523
122.27 0.000739371 0.0990753
122.463 0.00073763 0.0988922
122.655 0.000735896 0.0987152
122.848 0.000734169 0.0985382
123.04 0.000732448 0.0983612
123.232 0.000730734 0.0981842
123.425 0.000729026 0.0980072
123.617 0.000727326 0.0978363
123.81 0.000725632 0.0976593
124.002 0.000723944 0.0974823
124.194 0.000722263 0.0973114
124.387 0.000720589 0.0971405
124.579 0.000718921 0.0969635
124.772 0.000717259 0.0967926
124.964 0.000715604 0.0966217
125.156 0.000713955 0.0964508
125.349 0.000712312 0.0962799
125.541 0.000710676 0.096109
125.734 0.000709046 0.0959442
125.926 0.000707422 0.0957733
126.118 0.000705805 0.0956085
126.311 0.000704193 0.0954376
126.503 0.000702588 0.0952728
126.696 0.000700989 0.095108
126.888 0.000699395 0.0949371
127.08 0.000697808 0.0947723
127.273 0.000696227 0.0946075
127.465 0.000694652 0.0944427
127.658 0.000693083 0.0942841
127.85 0.000691519 0.0941193
128.042 0.000689962 0.0939545
128.235 0.00068841 0.0937958
128.427 0.000686864 0.093631
128.62 0.000685324 0.0934723
128.812 0.00068379 0.0933075
129.004 0.000682261 0.0931488
129.197 0.000680738 0.0929901
129.389 0.000679221 0.0928314
129.582 0.000677709 0.0926727
129.774 0.000676203 0.092514
129.966 0.000674703 0.0923553
130.159 0.000673208 0.0922028
130.351 0.000671719 0.0920441
130.544 0.000670235 0.0918854
130.736 0.000668756 0.0917328
130.928 0.000667283 0.0915741
131.121 0.000665815 0.0914215
131.313 0.000664353 0.0912689
131.506 0.000662896 0.0911163
131.698 0.000661445 0.0909637
131.89 0.000659998 0.0908112
132.083 0.000658557 0.0906586
132.275 0.000657121 0.090506
132.468 0.000655691 0.0903534
132.66 0.000654265 0.0902008
132.852 0.000652845 0.0900543
133.045 0.00065143 0.0899017
133.237 0.00065002 0.0897552
133.43 0.000648615 0.0896027
133.622 0.000647215 0.0894562
133.814 0.00064582 0.0893097
134.007 0.00064443 0.0891571
134.199 0.000643045 0.0890106
134.392 0.000641665 0.0888641
134.584 0.00064029 0.0887177
134.776 0.00063892 0.0885712
134.969 0.000637555 0.0884308
135.161 0.000636194 0.0882843
135.354 0.000634839 0.0881378
135.546 0.000633488 0.0879974
135.738 0.000632142 0.087851
135.931 0.000630801 0.0877106
136.123 0.000629465 0.0875641
136.316 0.000628133 0.0874237
136.508 0.000626806 0.0872833
136.7 0.000625483 0.0871368
136.893 0.000624166 0.0869965
137.085 0.000622852 0.0868561
137.278 0.000621544 0.0867157
137.47 0.00062024 0.0865753
137.662 0.000618941 0.0864349
137.855 0.000617646 0.0863007
138.047 0.000616355 0.0861603
138.24 0.000615069 0.0860199
138.432 0.000613788 0.0858856
138.624 0.000612511 0.0857452
138.817 0.000611238 0.085611
139.009 0.00060997 0.0854706
139.202 0.000608706 0.0853363
139.394 0.000607447 0.085202
139.586 0.000606192 0.0850677
139.779 0.000604941 0.0849335
139.971 0.000603695 0.0847992
140.164 0.000602453 0.0846649
140.356 0.000601215 0.0845306
140.548 0.000599981 0.0843964
140.741 0.000598751 0.0842621
140.933 0.000597526 0.0841278
141.126 0.000596305 0.0839996
141.318 0.000595088 0.0838654
141.51 0.000593875 0.0837372
141.703 0.000592666 0.0836029
141.895 0.000591462 0.0834747
142.088 0.000590261 0.0833405
142.28 0.000589065 0.0832123
142.472 0.000587872 0.0830841
142.665 0.000586684 0.0829559
142.857 0.000585499 0.0828217
143.05 0.000584319 0.0826935
143.242 0.000583142 0.0825653
143.434 0.00058197 0.0824432
143.627 0.000580801 0.0823151
143.819 0.000579636 0.0821869
144.012 0.000578476 0.0820587
144.204 0.000577319 0.0819305
144.396 0.000576165 0.0818085
144.589 0.000575016 0.0816803
144.781 0.000573871 0.0815582
144.974 0.000572729 0.0814301
145.166 0.000571591 0.081308
145.358 0.000570457 0.0811859
145.551 0.000569327 0.0810577
145.743 0.0005682 0.0809357
145.936 0.000567077 0.0808136
146.128 0.000565958 0.0806915
146.32 0.000564842 0.0805695
146.513 0.00056373 0.0804474
146.705 0.000562622 0.0803253
146.898 0.000561517 0.0802032
147.09 0.000560416 0.0800812
147.282 0.000559319 0.0799591
147.475 0.000558225 0.079837
147.667 0.000557135 0.0797211
147.86 0.000556048 0.079599
148.052 0.000554965 0.079483
148.244 0.000553885 0.079361
148.437 0.000552809 0.079245
148.629 0.000551736 0.0791229
148.822 0.000550667 0.079007
149.014 0.000549601 0.078891
149.206 0.000548538 0.0787689
149.399 0.000547479 0.078653
149.591 0.000546424 0.078537
149.784 0.000545372 0.078421
149.976 0.000544323 0.0783051
150.168 0.000543277 0.0781891
150.361 0.000542235 0.0780731
150.553 0.000541196 0.0779572
150.746 0.000540161 0.0778412
150.938 0.000539129 0.0777313
151.13 0.0005381 0.0776154
151.323 0.000537074 0.0774994
151.515 0.000536052 0.0773895
151.708 0.000535033 0.0772736
151.9 0.000534017 0.0771637
152.092 0.000533004 0.0770477
152.285 0.000531994 0.0769379
152.477 0.000530988 0.0768219
152.67 0.000529985 0.076712
152.862 0.000528985 0.0766022
153.054 0.000527988 0.0764862
153.247 0.000526994 0.0763763
153.439 0.000526004 0.0762665
153.632 0.000525016 0.0761566
153.824 0.000524032 0.0760468
154.016 0.00052305 0.0759369
154.209 0.000522072 0.075827
154.401 0.000521097 0.0757172
154.594 0.000520125 0.0756073
154.786 0.000519155 0.0755035
154.978 0.000518189 0.0753937
155.171 0.000517226 0.0752838
155.363 0.000516266 0.0751801
155.556 0.000515309 0.0750702
155.748 0.000514354 0.0749603
155.94 0.000513403 0.0748566
156.133 0.000512454 0.0747467
156.325 0.000511509 0.0746429
156.518 0.000510566 0.0745392
156.71 0.000509627 0.0744293
156.902 0.00050869 0.0743256
157.095 0.000507756 0.0742218
157.287 0.000506825 0.074118
157.48 0.000505896 0.0740082
157.672 0.000504971 0.0739044
157.864 0.000504048 0.0738007
158.057 0.000503129 0.0736969
158.249 0.000502212 0.0735931
158.442 0.000501297 0.0734894
158.634 0.000500386 0.0733856
158.826 0.000499477 0.073288
159.019 0.000498571 0.0731842
159.211 0.000497668 0.0730804
159.404 0.000496767 0.0729767
159.596 0.00049587 0.072879
159.788 0.000494974 0.0727753
159.981 0.000494082 0.0726715
160.173 0.000493192 0.0725739
160.366 0.000492305 0.0724701
160.558 0.000491421 0.0723724
160.75 0.000490539 0.0722748
160.943 0.00048966 0.072171
161.135 0.000488783 0.0720734
161.328 0.00048791 0.0719757
161.52 0.000487038 0.0718719
161.712 0.00048617 0.0717743
161.905 0.000485303 0.0716766
162.097 0.00048444 0.071579
162.29 0.000483579 0.0714813
162.482 0.00048272 0.0713837
162.674 0.000481864 0.071286
162.867 0.000481011 0.0711884
163.059 0.00048016 0.0710907
163.252 0.000479312 0.070993
163.444 0.000478466 0.0708954
163.636 0.000477623 0.0707977
163.829 0.000476782 0.0707062
164.021 0.000475943 0.0706085
164.214 0.000475107 0.0705109
164.406 0.000474274 0.0704132
164.598 0.000473443 0.0703217
164.791 0.000472614 0.070224
164.983 0.000471788 0.0701324
165.176 0.000470964 0.0700348
165.368 0.000470142 0.0699432
165.56 0.000469323 0.0698456
165.753 0.000468506 0.069754
165.945 0.000467692 0.0696625
166.138 0.00046688 0.0695648
166.33 0.00046607 0.0694733
166.522 0.000465263 0.0693817
166.715 0.000464458 0.0692902
166.907 0.000463656 0.0691986
167.1 0.000462855 0.0691071
167.292 0.000462057 0.0690094
167.484 0.000461261 0.0689178
167.677 0.000460468 0.0688263
167.869 0.000459677 0.0687347
168.062 0.000458888 0.0686493
168.254 0.000458101 0.0685577
168.446 0.000457317 0.0684662
168.639 0.000456534 0.0683746
168.831 0.000455754 0.0682831
169.024 0.000454977 0.0681915
169.216 0.000454201 0.0681061
169.408 0.000453428 0.0680145
169.601 0.000452657 0.067923
169.793 0.000451888 0.0678375
169.986 0.000451121 0.067746
170.178 0.000450356 0.0676605
170.37 0.000449594 0.067569
170.563 0.000448833 0.0674835
170.755 0.000448075 0.067392
170.948 0.000447319 0.0673065
171.14 0.000446565 0.0672211
171.332 0.000445813 0.0671295
171.525 0.000445064 0.0670441
171.717 0.000444316 0.0669586
171.91 0.000443571 0.0668671
172.102 0.000442827 0.0667816
172.294 0.000442086 0.0666962
172.487 0.000441346 0.0666107
172.679 0.000440609 0.0665253
172.872 0.000439874 0.0664398
173.064 0.000439141 0.0663544
173.256 0.00043841 0.0662689
173.449 0.000437681 0.0661835
173.641 0.000436954 0.066098
173.834 0.000436229 0.0660126
174.026 0.000435505 0.0659271
174.218 0.000434784 0.0658417
174.411 0.000434065 0.0657623
174.603 0.000433348 0.0656769
174.796 0.000432633 0.0655914
174.988 0.00043192 0.065506
175.18 0.000431209 0.0654266
175.373 0.0004305 0.0653412
175.565 0.000429792 0.0652618
175.758 0.000429087 0.0651764
175.95 0.000428383 0.0650909
176.142 0.000427682 0.0650116
176.335 0.000426982 0.0649261
176.527 0.000426285 0.0648468
176.72 0.000425589 0.0647675
176.912 0.000424895 0.064682
177.104 0.000424203 0.0646027
177.297 0.000423513 0.0645233
177.489 0.000422824 0.0644379
177.682 0.000422138 0.0643585
177.874 0.000421453 0.0642792
178.066 0.000420771 0.0641998
178.259 0.00042009 0.0641144
178.451 0.000419411 0.064035
178.644 0.000418733 0.0639557
178.836 0.000418058 0.0638763
179.028 0.000417384 0.063797
179.221 0.000416713 0.0637177
179.413 0.000416043 0.0636383
179.606 0.000415375 0.063559
179.798 0.000414708 0.0634796
179.99 0.000414044 0.0634003
180.183 0.000413381 0.0633209
180.375 0.00041272 0.0632477
180.568 0.00041206 0.0631683
180.76 0.000411403 0.063089
180.952 0.000410747 0.0630096
181.145 0.000410093 0.0629364
181.337 0.00040944 0.0628571
181.53 0.00040879 0.0627777
181.722 0.000408141 0.0627045
181.914 0.000407494 0.0626251
182.107 0.000406848 0.0625458
182.299 0.000406205 0.0624725
182.492 0.000405562 0.0623932
182.684 0.000404922 0.0623199
182.876 0.000404283 0.0622406
183.069 0.000403646 0.0621674
183.261 0.000403011 0.0620941
183.454 0.000402377 0.0620148
183.646 0.000401745 0.0619415
183.838 0.000401115 0.0618622
184.031 0.000400486 0.0617889
184.223 0.000399859 0.0617157
184.416 0.000399234 0.0616425
184.608 0.00039861 0.0615631
184.8 0.000397988 0.0614899
184.993 0.000397367 0.0614166
185.185 0.000396748 0.0613434
185.378 0.000396131 0.0612701
185.57 0.000395515 0.0611969
185.762 0.000394901 0.0611237
185.955 0.000394288 0.0610504
186.147 0.000393677 0.0609772
186.34 0.000393068 0.0609039
186.532 0.00039246 0.0608307
186.724 0.000391854 0.0607574
186.917 0.000391249 0.0606842
187.109 0.000390646 0.060611
187.302 0.000390044 0.0605377
187.494 0.000389444 0.0604645
187.686 0.000388845 0.0603973
187.879 0.000388248 0.0603241
188.071 0.000387653 0.0602509
188.264 0.000387059 0.0601776
188.456 0.000386466 0.0601105
188.648 0.000385876 0.0600372
188.841 0.000385286 0.059964
189.033 0.000384698 0.0598969
189.226 0.000384112 0.0598236
189.418 0.000383527 0.0597565
189.61 0.000382943 0.0596832
189.803 0.000382361 0.0596161
189.995 0.000381781 0.0595428
190.188 0.000381202 0.0594757
190.38 0.000380624 0.0594025
190.572 0.000380048 0.0593353
190.765 0.000379473 0.0592621
190.957 0.0003789 0.0591949
191.15 0.000378328 0.0591278
191.342 0.000377758 0.0590546
191.534 0.000377189 0.0589874
191.727 0.000376621 0.0589203
191.919 0.000376055 0.0588531
192.112 0.000375491 0.0587799
192.304 0.000374927 0.0587128
192.496 0.000374366 0.0586456
192.689 0.000373805 0.0585785
192.881 0.000373246 0.0585114
193.074 0.000372688 0.0584442
193.266 0.000372132 0.0583771
193.458 0.000371577 0.0583038
193.651 0.000371024 0.0582367
193.843 0.000370472 0.0581696
194.036 0.000369921 0.0581024
194.228 0.000369371 0.0580353
194.42 0.000368823 0.0579742
194.613 0.000368277 0.0579071
194.805 0.000367731 0.05784
194.998 0.000367187 0.0577728
195.19 0.000366645 0.0577057
195.382 0.000366103 0.0576385
195.575 0.000365563 0.0575714
195.767 0.000365025 0.0575104
195.96 0.000364487 0.0574432
196.152 0.000363951 0.0573761
196.344 0.000363417 0.057309
196.537 0.000362883 0.0572479
196.729 0.000362351 0.0571808
196.922 0.00036182 0.0571136
197.114 0.000361291 0.0570526
197.306 0.000360763 0.0569855
197.499 0.000360236 0.0569244
197.691 0.00035971 0.0568573
197.884 0.000359186 0.0567963
198.076 0.000358663 0.0567291
198.268 0.000358141 0.0566681
198.461 0.00035762 0.056601
198.653 0.000357101 0.0565399
198.846 0.000356583 0.0564728
199.038 0.000356066 0.0564117
199.23 0.00035555 0.0563446
199.423 0.000355036 0.0562836
199.615 0.000354523 0.0562225
199.808 0.000354011 0.0561554
200 0.000353501 0.0560944
