7.6 0.0466033 1.91906
7.7924 0.0449275 1.86454
7.9848 0.0433492 1.81289
8.1772 0.0418608 1.7639
8.3696 0.0404554 1.71736
8.562 0.0391265 1.6731
8.7544 0.0378685 1.63096
8.9468 0.0366763 1.59078
9.1392 0.0355451 1.55244
9.3316 0.0344706 1.5158
9.524 0.0334491 1.48077
9.7164 0.0324768 1.44723
9.9088 0.0315506 1.4151
10.1012 0.0306675 1.38429
10.2936 0.0298246 1.35471
10.486 0.0290196 1.3263
10.6784 0.02825 1.299
10.8708 0.0275138 1.27273
11.0632 0.0268089 1.24745
11.2556 0.0261335 1.22309
11.448 0.0254859 1.19961
11.6404 0.0248646 1.17697
11.8328 0.0242681 1.15511
12.0252 0.0236949 1.134
12.2176 0.023144 1.11361
12.41 0.022614 1.09389
12.6024 0.0221038 1.07481
12.7948 0.0216126 1.05636
12.9872 0.0211392 1.03848
13.1796 0.0206828 1.02117
13.372 0.0202426 1.00438
13.5644 0.0198177 0.988102
13.7568 0.0194075 0.972317
13.9492 0.0190112 0.956997
14.1416 0.0186282 0.94212
14.334 0.0182578 0.92767
14.5264 0.0178996 0.913624
14.7188 0.0175529 0.899976
14.9112 0.0172172 0.886703
15.1036 0.016892 0.873794
15.296 0.016577 0.861229
15.4884 0.0162716 0.848993
15.6808 0.0159754 0.837086
15.8732 0.0156882 0.825482
16.0656 0.0154094 0.814173
16.258 0.0151387 0.803152
16.4504 0.0148759 0.792404
16.6428 0.0146206 0.781924
16.8352 0.0143725 0.771701
17.0276 0.0141313 0.761722
17.22 0.0138968 0.751981
17.4124 0.0136687 0.742471
17.6048 0.0134467 0.733182
17.7972 0.0132307 0.724106
17.9896 0.0130204 0.715237
18.182 0.0128156 0.70657
18.3744 0.0126161 0.698096
18.5668 0.0124218 0.689808
18.7592 0.0122323 0.681701
18.9516 0.0120476 0.67377
19.144 0.0118676 0.66601
19.3364 0.0116919 0.658416
19.5288 0.0115206 0.650982
19.7212 0.0113533 0.643697
19.9136 0.0111901 0.636567
20.106 0.0110308 0.629582
20.2984 0.0108752 0.622735
20.4908 0.0107232 0.616027
20.6832 0.0105747 0.609453
20.8756 0.0104296 0.603012
21.068 0.0102878 0.59669
21.2604 0.0101492 0.590492
21.4528 0.0100136 0.584413
21.6452 0.00988109 0.578453
21.8376 0.00975143 0.572594
22.03 0.00962458 0.566853
22.2224 0.00950046 0.561214
22.4148 0.00937897 0.555684
22.6072 0.00926005 0.550255
22.7996 0.00914363 0.544917
22.992 0.00902961 0.539671
23.1844 0.00891795 0.534526
23.3768 0.00880857 0.529472
23.5692 0.0087014 0.524501
23.7616 0.00859639 0.519621
23.954 0.00849347 0.514815
24.1464 0.00839258 0.5101
24.3388 0.00829368 0.505458
24.5312 0.0081967 0.500899
24.7236 0.0081016 0.496418
24.916 0.00800831 0.492008
25.1084 0.00791681 0.487667
25.3008 0.00782703 0.483395
25.4932 0.00773894 0.479198
25.6856 0.00765248 0.475063
25.878 0.00756762 0.470997
26.0704 0.00748432 0.466991
26.2628 0.00740253 0.463055
26.4552 0.00732222 0.459171
26.6476 0.00724335 0.455349
26.84 0.00716588 0.451588
27.0324 0.00708979 0.447887
27.2248 0.00701503 0.444241
27.4172 0.00694158 0.440647
27.6096 0.00686939 0.437099
27.802 0.00679845 0.433613
27.9944 0.00672873 0.43018
28.1868 0.00666018 0.426792
28.3792 0.00659279 0.42345
28.5716 0.00652653 0.420162
28.764 0.00646137 0.41692
28.9564 0.00639728 0.413723
29.1488 0.00633425 0.410572
29.3412 0.00627224 0.407459
29.5336 0.00621124 0.4044
29.726 0.00615123 0.401379
29.9184 0.00609217 0.398392
30.1108 0.00603405 0.395456
30.3032 0.00597684 0.392557
30.4956 0.00592054 0.389694
30.688 0.00586511 0.386868
30.8804 0.00581054 0.384085
31.0728 0.00575682 0.381332
31.2652 0.00570391 0.378622
31.4576 0.00565181 0.375943
31.65 0.0056005 0.3733
31.8424 0.00554996 0.370694
32.0348 0.00550017 0.368118
32.2272 0.00545113 0.365579
32.4196 0.00540281 0.363071
32.612 0.00535519 0.360587
32.8044 0.00530828 0.358145
32.9968 0.00526204 0.355728
33.1892 0.00521647 0.353342
33.3816 0.00517155 0.35098
33.574 0.00512728 0.348654
33.7664 0.00508363 0.346353
33.9588 0.0050406 0.344083
34.1512 0.00499817 0.341837
34.3436 0.00495633 0.339615
34.536 0.00491507 0.337424
34.7284 0.00487439 0.335257
34.9208 0.00483426 0.333121
35.1132 0.00479467 0.331003
35.3056 0.00475563 0.328915
35.498 0.00471711 0.326846
35.6904 0.00467911 0.324802
35.8828 0.00464161 0.322781
36.0752 0.00460461 0.320786
36.2676 0.00456811 0.318814
36.46 0.00453208 0.316861
36.6524 0.00449652 0.314932
36.8448 0.00446143 0.313028
37.0372 0.00442678 0.311136
37.2296 0.00439259 0.309274
37.422 0.00435883 0.307425
37.6144 0.0043255 0.3056
37.8068 0.0042926 0.303793
37.9992 0.00426011 0.302011
38.1916 0.00422803 0.300241
38.384 0.00419634 0.298494
38.5764 0.00416506 0.296764
38.7688 0.00413415 0.295052
38.9612 0.00410363 0.293367
39.1536 0.00407348 0.291692
39.346 0.0040437 0.290034
39.5384 0.00401428 0.288387
39.7308 0.00398522 0.286766
39.9232 0.0039565 0.285164
40.1156 0.00392813 0.283571
40.308 0.00390009 0.281996
40.5004 0.00387239 0.28044
40.6928 0.00384501 0.278893
40.8852 0.00381796 0.277373
41.0776 0.00379121 0.275862
41.27 0.00376478 0.274361
41.4624 0.00373866 0.272878
41.6548 0.00371284 0.271413
41.8472 0.00368731 0.269966
42.0396 0.00366207 0.26852
42.232 0.00363712 0.267101
42.4244 0.00361245 0.265691
42.6168 0.00358806 0.26429
42.8092 0.00356394 0.262907
43.0016 0.00354009 0.261543
43.194 0.00351651 0.260179
43.3864 0.00349318 0.258842
43.5788 0.00347012 0.257506
43.7712 0.0034473 0.256187
43.9636 0.00342474 0.254878
44.156 0.00340242 0.253587
44.3484 0.00338034 0.252306
44.5408 0.0033585 0.251033
44.7332 0.00333689 0.249779
44.9256 0.00331551 0.248534
45.118 0.00329436 0.247298
45.3104 0.00327344 0.246071
45.5028 0.00325273 0.244853
45.6952 0.00323224 0.243654
45.8876 0.00321197 0.242464
46.08 0.00319191 0.241283
46.2724 0.00317205 0.240111
46.4648 0.0031524 0.238948
46.6572 0.00313295 0.237794
46.8496 0.0031137 0.236659
47.042 0.00309465 0.235533
47.2344 0.00307579 0.234407
47.4268 0.00305712 0.233299
47.6192 0.00303864 0.232201
47.8116 0.00302035 0.231102
48.004 0.00300224 0.230022
48.1964 0.0029843 0.228951
48.3888 0.00296655 0.227888
48.5812 0.00294897 0.226836
48.7736 0.00293157 0.225792
48.966 0.00291433 0.224748
49.1584 0.00289726 0.223723
49.3508 0.00288036 0.222707
49.5432 0.00286362 0.22169
49.7356 0.00284705 0.220692
49.928 0.00283063 0.219695
50.1204 0.00281437 0.218706
50.3128 0.00279827 0.217735
50.5052 0.00278231 0.216765
50.6976 0.00276651 0.215794
50.89 0.00275086 0.214842
51.0824 0.00273536 0.213899
51.2748 0.00272 0.212956
51.4672 0.00270478 0.212022
51.6596 0.0026897 0.211098
51.852 0.00267477 0.210182
52.0444 0.00265997 0.209276
52.2368 0.00264531 0.208369
52.4292 0.00263078 0.207481
52.6216 0.00261638 0.206593
52.814 0.00260212 0.205705
53.0064 0.00258798 0.204836
53.1988 0.00257397 0.203966
53.3912 0.00256009 0.203105
53.5836 0.00254633 0.202254
53.776 0.0025327 0.201402
53.9684 0.00251918 0.20056
54.1608 0.00250579 0.199728
54.3532 0.00249251 0.198898
54.5456 0.00247936 0.198074
54.738 0.00246631 0.197256
54.9304 0.00245338 0.196451
55.1228 0.00244056 0.195645
55.3152 0.00242786 0.194846
55.5076 0.00241526 0.194052
55.7 0.00240277 0.193271
55.8924 0.00239039 0.19249
56.0848 0.00237812 0.191714
56.2772 0.00236595 0.190945
56.4696 0.00235388 0.190182
56.662 0.00234192 0.18942
56.8544 0.00233005 0.188669
57.0468 0.00231829 0.187924
57.2392 0.00230663 0.18718
57.4316 0.00229506 0.186447
57.624 0.00228359 0.185715
57.8164 0.00227221 0.184988
58.0088 0.00226093 0.184268
58.2012 0.00224974 0.183554
58.3936 0.00223864 0.18284
58.586 0.00222764 0.182138
58.7784 0.00221672 0.181436
58.9708 0.00220589 0.18074
59.1632 0.00219516 0.180051
59.3556 0.0021845 0.179367
59.548 0.00217394 0.178683
59.7404 0.00216345 0.178006
59.9328 0.00215306 0.177335
60.1252 0.00214274 0.176669
60.3176 0.00213251 0.176004
60.51 0.00212236 0.175345
60.7024 0.00211229 0.174692
60.8948 0.0021023 0.174045
61.0872 0.00209238 0.173398
61.2796 0.00208255 0.172757
61.472 0.00207279 0.172122
61.6644 0.0020631 0.171494
61.8568 0.0020535 0.170865
62.0492 0.00204396 0.170242
62.2416 0.0020345 0.16962
62.434 0.00202512 0.169003
62.6264 0.0020158 0.168393
62.8188 0.00200656 0.167789
63.0112 0.00199738 0.167184
63.2036 0.00198828 0.166586
63.396 0.00197924 0.165988
63.5884 0.00197028 0.165396
63.7808 0.00196138 0.16481
63.9732 0.00195255 0.164224
64.1656 0.00194378 0.163644
64.358 0.00193508 0.163071
64.5504 0.00192644 0.162497
64.7428 0.00191787 0.161929
64.9352 0.00190936 0.161362
65.1276 0.00190092 0.1608
65.32 0.00189253 0.160245
65.5124 0.00188421 0.159689
65.7048 0.00187595 0.159134
65.8972 0.00186775 0.158591
66.0896 0.0018596 0.158047
66.282 0.00185152 0.157504
66.4744 0.0018435 0.156967
66.6668 0.00183553 0.15643
66.8592 0.00182762 0.155899
67.0516 0.00181977 0.155374
67.244 0.00181197 0.154849
67.4364 0.00180423 0.154324
67.6288 0.00179654 0.153812
67.8212 0.00178891 0.153293
68.0136 0.00178133 0.15278
68.206 0.00177381 0.152274
68.3984 0.00176633 0.151767
68.5908 0.00175891 0.151266
68.7832 0.00175155 0.150766
68.9756 0.00174423 0.150272
69.168 0.00173696 0.149777
69.3604 0.00172975 0.149283
69.5528 0.00172258 0.148795
69.7452 0.00171547 0.148312
69.9376 0.0017084 0.14783
70.13 0.00170138 0.147354
70.3224 0.00169441 0.146872
70.5148 0.00168748 0.146402
70.7072 0.00168061 0.145932
70.8996 0.00167378 0.145462
71.092 0.00166699 0.144998
71.2844 0.00166026 0.144534
71.4768 0.00165356 0.144077
71.6692 0.00164691 0.143619
71.8616 0.00164031 0.143161
72.054 0.00163375 0.142709
72.2464 0.00162723 0.142264
72.4388 0.00162076 0.141812
72.6312 0.00161433 0.141373
72.8236 0.00160794 0.140927
73.016 0.0016016 0.140488
73.2084 0.00159529 0.140054
73.4008 0.00158903 0.139615
73.5932 0.00158281 0.139188
73.7856 0.00157663 0.138754
73.978 0.00157049 0.138327
74.1704 0.00156438 0.137906
74.3628 0.00155832 0.137485
74.5552 0.0015523 0.137064
74.7476 0.00154631 0.136642
74.94 0.00154037 0.136227
75.1324 0.00153446 0.135818
75.3248 0.00152859 0.135403
75.5172 0.00152276 0.134995
75.7096 0.00151696 0.134592
75.902 0.0015112 0.134189
76.0944 0.00150548 0.133786
76.2868 0.00149979 0.133383
76.4792 0.00149414 0.132986
76.6716 0.00148852 0.13259
76.864 0.00148294 0.132199
77.0564 0.0014774 0.131808
77.2488 0.00147189 0.131418
77.4412 0.00146641 0.131033
77.6336 0.00146096 0.130643
77.826 0.00145555 0.130264
78.0184 0.00145018 0.12988
78.2108 0.00144483 0.129501
78.4032 0.00143952 0.129123
78.5956 0.00143425 0.128751
78.788 0.001429 0.128378
78.9804 0.00142378 0.128006
79.1728 0.0014186 0.12764
79.3652 0.00141345 0.127274
79.5576 0.00140833 0.126907
79.75 0.00140324 0.126541
79.9424 0.00139818 0.126181
80.1348 0.00139315 0.125821
80.3272 0.00138816 0.125461
80.5196 0.00138319 0.125107
80.712 0.00137825 0.124753
80.9044 0.00137334 0.124399
81.0968 0.00136846 0.124051
81.2892 0.00136361 0.123703
81.4816 0.00135878 0.123355
81.674 0.00135399 0.123013
81.8664 0.00134922 0.122665
82.0588 0.00134448 0.122324
82.2512 0.00133977 0.121988
82.4436 0.00133509 0.121646
82.636 0.00133043 0.12131
82.8284 0.0013258 0.120975
83.0208 0.0013212 0.120645
83.2132 0.00131662 0.120309
83.4056 0.00131207 0.11998
83.598 0.00130755 0.119656
83.7904 0.00130305 0.119327
83.9828 0.00129858 0.119003
84.1752 0.00129413 0.11868
84.3676 0.00128971 0.118356
84.56 0.00128532 0.118039
84.7524 0.00128095 0.117715
84.9448 0.0012766 0.117398
85.1372 0.00127228 0.117087
85.3296 0.00126798 0.116769
85.522 0.00126371 0.116458
85.7144 0.00125946 0.116147
85.9068 0.00125523 0.115836
86.0992 0.00125103 0.11553
86.2916 0.00124685 0.115225
86.484 0.0012427 0.11492
86.6764 0.00123856 0.114615
86.8688 0.00123445 0.11431
87.0612 0.00123037 0.114011
87.2536 0.0012263 0.113712
87.446 0.00122226 0.113412
87.6384 0.00121824 0.11312
87.8308 0.00121424 0.11282
88.0232 0.00121027 0.112527
88.2156 0.00120631 0.112234
88.408 0.00120238 0.111948
88.6004 0.00119847 0.111655
88.7928 0.00119458 0.111368
88.9852 0.00119071 0.111081
89.1776 0.00118686 0.110794
89.37 0.00118303 0.110513
89.5624 0.00117922 0.110226
89.7548 0.00117544 0.109946
89.9472 0.00117167 0.109665
90.1396 0.00116792 0.10939
90.332 0.0011642 0.109109
90.5244 0.00116049 0.108835
90.7168 0.0011568 0.10856
90.9092 0.00115313 0.108286
91.1016 0.00114948 0.108011
91.294 0.00114585 0.107742
91.4864 0.00114224 0.107468
91.6788 0.00113865 0.107199
91.8712 0.00113508 0.106931
92.0636 0.00113153 0.106668
92.256 0.00112799 0.1064
92.4484 0.00112447 0.106137
92.6408 0.00112098 0.105875
92.8332 0.00111749 0.105612
93.0256 0.00111403 0.10535
93.218 0.00111059 0.105093
93.4104 0.00110716 0.104831
93.6028 0.00110375 0.104575
93.7952 0.00110036 0.104318
93.9876 0.00109698 0.104068
94.18 0.00109363 0.103812
94.3724 0.00109029 0.103561
94.5648 0.00108696 0.103305
94.7572 0.00108365 0.103055
94.9496 0.00108037 0.102805
95.142 0.00107709 0.10256
95.3344 0.00107383 0.10231
95.5268 0.00107059 0.102066
95.7192 0.00106737 0.101822
95.9116 0.00106416 0.101578
96.104 0.00106097 0.101334
96.2964 0.00105779 0.101089
96.4888 0.00105463 0.100851
96.6812 0.00105149 0.100613
96.8736 0.00104836 0.100369
97.066 0.00104525 0.100137
97.2584 0.00104215 0.0998993
97.4508 0.00103907 0.0996613
97.6432 0.001036 0.0994293
97.8356 0.00103295 0.0991913
98.028 0.00102991 0.0989594
98.2204 0.00102689 0.0987274
98.4128 0.00102388 0.0984955
98.6052 0.00102088 0.0982697
98.7976 0.00101791 0.0980377
98.99 0.00101494 0.0978119
99.1824 0.00101199 0.0975861
99.3748 0.00100906 0.0973602
99.5672 0.00100613 0.0971344
99.7596 0.00100323 0.0969086
99.952 0.00100033 0.0966827
100.144 0.000997453 0.096463
100.337 0.000994587 0.0962433
100.529 0.000991735 0.0960236
100.722 0.000988897 0.0958038
100.914 0.000986072 0.0955841
101.106 0.00098326 0.0953644
101.299 0.000980462 0.0951508
101.491 0.000977677 0.094931
101.684 0.000974905 0.0947174
101.876 0.000972146 0.0945038
102.068 0.000969401 0.0942902
102.261 0.000966668 0.0940765
102.453 0.000963948 0.0938629
102.646 0.00096124 0.0936554
102.838 0.000958546 0.0934418
103.03 0.000955864 0.0932343
103.223 0.000953194 0.0930267
103.415 0.000950537 0.0928192
103.608 0.000947892 0.0926117
103.8 0.000945259 0.0924103
103.992 0.000942639 0.0922028
104.185 0.000940031 0.0920013
104.377 0.000937434 0.0917938
104.57 0.00093485 0.0915924
104.762 0.000932277 0.091391
104.954 0.000929716 0.0911896
105.147 0.000927167 0.0909882
105.339 0.00092463 0.0907928
105.532 0.000922104 0.0905914
105.724 0.000919589 0.0903961
105.916 0.000917086 0.0901947
106.109 0.000914595 0.0899994
106.301 0.000912114 0.0898041
106.494 0.000909645 0.0896088
106.686 0.000907187 0.0894196
106.878 0.00090474 0.0892242
107.071 0.000902304 0.0890289
107.263 0.000899878 0.0888397
107.456 0.000897464 0.0886505
107.648 0.000895061 0.0884613
107.84 0.000892668 0.0882721
108.033 0.000890285 0.0880829
108.225 0.000887914 0.0878937
108.418 0.000885553 0.0877045
108.61 0.000883202 0.0875214
108.802 0.000880862 0.0873322
108.995 0.000878532 0.087149
109.187 0.000876212 0.0869659
109.38 0.000873902 0.0867828
109.572 0.000871603 0.0865997
109.764 0.000869314 0.0864166
109.957 0.000867034 0.0862335
110.149 0.000864765 0.0860504
110.342 0.000862506 0.0858734
110.534 0.000860256 0.0856903
110.726 0.000858016 0.0855133
110.919 0.000855786 0.0853363
111.111 0.000853565 0.0851593
111.304 0.000851354 0.0849823
111.496 0.000849153 0.0848053
111.688 0.000846961 0.0846283
111.881 0.000844778 0.0844513
112.073 0.000842605 0.0842804
112.266 0.000840441 0.0841034
112.458 0.000838287 0.0839325
112.65 0.000836141 0.0837616
112.843 0.000834005 0.0835907
113.035 0.000831878 0.0834198
113.228 0.000829759 0.0832489
113.42 0.00082765 0.083078
113.612 0.00082555 0.0829071
113.805 0.000823458 0.0827362
113.997 0.000821376 0.0825714
114.19 0.000819302 0.0824005
114.382 0.000817237 0.0822357
114.574 0.00081518 0.0820709
114.767 0.000813132 0.0819061
114.959 0.000811093 0.0817413
115.152 0.000809062 0.0815765
115.344 0.00080704 0.0814117
115.536 0.000805026 0.0812469
115.729 0.00080302 0.0810883
115.921 0.000801023 0.0809235
116.114 0.000799034 0.0807648
116.306 0.000797054 0.0806
116.498 0.000795081 0.0804413
116.691 0.000793116 0.0802826
116.883 0.00079116 0.0801239
117.076 0.000789212 0.0799652
117.268 0.000787271 0.0798065
