7.6 0.0466033 2.10105
7.7924 0.0449274 2.04213
7.9848 0.0433492 1.98632
8.1772 0.0418608 1.93335
8.3696 0.0404553 1.88301
8.562 0.0391265 1.83512
8.7544 0.0378685 1.7895
8.9468 0.0366762 1.746
9.1392 0.035545 1.70446
9.3316 0.0344706 1.66477
9.524 0.033449 1.62679
9.7164 0.0324768 1.59043
9.9088 0.0315506 1.55559
10.1012 0.0306674 1.52216
10.2936 0.0298246 1.49008
10.486 0.0290196 1.45924
10.6784 0.02825 1.4296
10.8708 0.0275137 1.40107
11.0632 0.0268089 1.37361
11.2556 0.0261335 1.34715
11.448 0.0254859 1.32164
11.6404 0.0248646 1.29702
11.8328 0.024268 1.27326
12.0252 0.0236949 1.2503
12.2176 0.0231439 1.22812
12.41 0.0226139 1.20666
12.6024 0.0221038 1.18591
12.7948 0.0216125 1.16582
12.9872 0.0211392 1.14636
13.1796 0.0206828 1.1275
13.372 0.0202425 1.10923
13.5644 0.0198177 1.0915
13.7568 0.0194075 1.0743
13.9492 0.0190112 1.05761
14.1416 0.0186281 1.04139
14.334 0.0182578 1.02564
14.5264 0.0178995 1.01033
14.7188 0.0175528 0.995449
14.9112 0.0172171 0.980976
15.1036 0.016892 0.966892
15.296 0.0165769 0.953182
15.4884 0.0162715 0.939838
15.6808 0.0159754 0.926838
15.8732 0.0156881 0.914173
16.0656 0.0154093 0.901829
16.258 0.0151387 0.889793
16.4504 0.0148758 0.878058
16.6428 0.0146205 0.866612
16.8352 0.0143724 0.85544
17.0276 0.0141312 0.844536
17.22 0.0138967 0.833893
17.4124 0.0136686 0.823504
17.6048 0.0134467 0.813349
17.7972 0.0132306 0.803427
17.9896 0.0130203 0.793729
18.182 0.0128156 0.78425
18.3744 0.0126161 0.774985
18.5668 0.0124217 0.765921
18.7592 0.0122323 0.757053
18.9516 0.0120476 0.74838
19.144 0.0118675 0.739883
19.3364 0.0116919 0.73157
19.5288 0.0115205 0.723434
19.7212 0.0113533 0.715463
19.9136 0.0111901 0.707657
20.106 0.0110307 0.700009
20.2984 0.0108751 0.69251
20.4908 0.0107231 0.685167
20.6832 0.0105746 0.677962
20.8756 0.0104296 0.670902
21.068 0.0102878 0.66398
21.2604 0.0101491 0.657187
21.4528 0.0100136 0.650528
21.6452 0.00988103 0.643991
21.8376 0.00975137 0.637577
22.03 0.00962452 0.63128
22.2224 0.0095004 0.625096
22.4148 0.00937891 0.619029
22.6072 0.00925999 0.613069
22.7996 0.00914357 0.607221
22.992 0.00902955 0.601469
23.1844 0.00891789 0.595821
23.3768 0.00880851 0.590273
23.5692 0.00870134 0.584825
23.7616 0.00859633 0.57946
23.954 0.00849341 0.574196
24.1464 0.00839252 0.569014
24.3388 0.00829362 0.563924
24.5312 0.00819664 0.558916
24.7236 0.00810153 0.55399
24.916 0.00800825 0.549147
25.1084 0.00791675 0.544386
25.3008 0.00782697 0.53969
25.4932 0.00773887 0.535075
25.6856 0.00765242 0.530544
25.878 0.00756756 0.526067
26.0704 0.00748425 0.521672
26.2628 0.00740247 0.517342
26.4552 0.00732216 0.513075
26.6476 0.00724329 0.508873
26.84 0.00716582 0.504744
27.0324 0.00708973 0.50067
27.2248 0.00701497 0.496655
27.4172 0.00694151 0.492702
27.6096 0.00686933 0.488811
27.802 0.00679839 0.484974
27.9944 0.00672866 0.481197
28.1868 0.00666012 0.477467
28.3792 0.00659273 0.473797
28.5716 0.00652646 0.470181
28.764 0.0064613 0.46661
28.9564 0.00639722 0.463093
29.1488 0.00633419 0.459621
29.3412 0.00627218 0.456203
29.5336 0.00621118 0.452824
29.726 0.00615116 0.449497
29.9184 0.0060921 0.446217
30.1108 0.00603398 0.442982
30.3032 0.00597678 0.439785
30.4956 0.00592047 0.436634
30.688 0.00586505 0.433529
30.8804 0.00581048 0.430462
31.0728 0.00575675 0.427433
31.2652 0.00570385 0.424442
31.4576 0.00565175 0.42149
31.65 0.00560043 0.418583
31.8424 0.00554989 0.415707
32.0348 0.00550011 0.412868
32.2272 0.00545106 0.410069
32.4196 0.00540274 0.407299
32.612 0.00535513 0.404568
32.8044 0.00530821 0.401875
32.9968 0.00526197 0.399203
33.1892 0.0052164 0.396573
33.3816 0.00517149 0.393973
33.574 0.00512721 0.391409
33.7664 0.00508356 0.38887
33.9588 0.00504053 0.386362
34.1512 0.0049981 0.38389
34.3436 0.00495626 0.381442
34.536 0.00491501 0.379019
34.7284 0.00487432 0.376633
34.9208 0.00483419 0.374271
35.1132 0.00479461 0.371939
35.3056 0.00475556 0.369626
35.498 0.00471704 0.367349
35.6904 0.00467904 0.365091
35.8828 0.00464154 0.362863
36.0752 0.00460455 0.36066
36.2676 0.00456804 0.358481
36.46 0.00453201 0.356326
36.6524 0.00449645 0.354196
36.8448 0.00446136 0.35209
37.0372 0.00442672 0.350003
37.2296 0.00439252 0.347946
37.422 0.00435876 0.345908
37.6144 0.00432544 0.343887
37.8068 0.00429253 0.341898
37.9992 0.00426004 0.33992
38.1916 0.00422796 0.337967
38.384 0.00419628 0.336038
38.5764 0.00416499 0.334128
38.7688 0.00413409 0.332236
38.9612 0.00410356 0.330368
39.1536 0.00407342 0.328513
39.346 0.00404363 0.326682
39.5384 0.00401421 0.324869
39.7308 0.00398515 0.323074
39.9232 0.00395643 0.321298
40.1156 0.00392806 0.31954
40.308 0.00390002 0.317801
40.5004 0.00387232 0.31608
40.6928 0.00384494 0.314371
40.8852 0.00381789 0.31268
41.0776 0.00379115 0.311014
41.27 0.00376472 0.309354
41.4624 0.00373859 0.307718
41.6548 0.00371277 0.306094
41.8472 0.00368724 0.304489
42.0396 0.003662 0.302896
42.232 0.00363705 0.301321
42.4244 0.00361238 0.299757
42.6168 0.00358799 0.29821
42.8092 0.00356387 0.296681
43.0016 0.00354002 0.295171
43.194 0.00351644 0.293669
43.3864 0.00349311 0.292177
43.5788 0.00347005 0.290703
43.7712 0.00344723 0.289238
43.9636 0.00342467 0.287791
44.156 0.00340235 0.286363
44.3484 0.00338027 0.284944
44.5408 0.00335843 0.283534
44.7332 0.00333682 0.282143
44.9256 0.00331544 0.28076
45.118 0.00329429 0.279387
45.3104 0.00327337 0.278032
45.5028 0.00325266 0.276686
45.6952 0.00323217 0.275359
45.8876 0.0032119 0.27404
46.08 0.00319184 0.272731
46.2724 0.00317198 0.271431
46.4648 0.00315233 0.270149
46.6572 0.00313288 0.268867
46.8496 0.00311363 0.267604
47.042 0.00309458 0.26635
47.2344 0.00307572 0.265114
47.4268 0.00305705 0.263878
47.6192 0.00303857 0.26266
47.8116 0.00302028 0.261452
48.004 0.00300217 0.260252
48.1964 0.00298423 0.259062
48.3888 0.00296648 0.257881
48.5812 0.0029489 0.256709
48.7736 0.00293149 0.255556
48.966 0.00291426 0.254402
49.1584 0.00289719 0.253267
49.3508 0.00288029 0.252132
49.5432 0.00286355 0.251015
49.7356 0.00284698 0.249898
49.928 0.00283056 0.24879
50.1204 0.0028143 0.247701
50.3128 0.00279819 0.246611
50.5052 0.00278224 0.24554
50.6976 0.00276644 0.244469
50.89 0.00275079 0.243407
51.0824 0.00273528 0.242363
51.2748 0.00271992 0.241319
51.4672 0.00270471 0.240285
51.6596 0.00268963 0.239259
51.852 0.0026747 0.238243
52.0444 0.0026599 0.237227
52.2368 0.00264523 0.236229
52.4292 0.00263071 0.235231
52.6216 0.00261631 0.234242
52.814 0.00260205 0.233272
53.0064 0.00258791 0.232292
53.1988 0.0025739 0.231331
53.3912 0.00256002 0.230379
53.5836 0.00254626 0.229427
53.776 0.00253263 0.228484
53.9684 0.00251911 0.22755
54.1608 0.00250572 0.226625
54.3532 0.00249244 0.2257
54.5456 0.00247928 0.224785
54.738 0.00246624 0.223878
54.9304 0.00245331 0.222981
55.1228 0.00244049 0.222084
55.3152 0.00242778 0.221205
55.5076 0.00241519 0.220317
55.7 0.0024027 0.219447
55.8924 0.00239032 0.218578
56.0848 0.00237804 0.217717
56.2772 0.00236587 0.216866
56.4696 0.00235381 0.216014
56.662 0.00234184 0.215172
56.8544 0.00232998 0.214339
57.0468 0.00231822 0.213506
57.2392 0.00230655 0.212682
57.4316 0.00229498 0.211858
57.624 0.00228351 0.211052
57.8164 0.00227214 0.210237
58.0088 0.00226086 0.209441
58.2012 0.00224967 0.208644
58.3936 0.00223857 0.207857
58.586 0.00222756 0.207069
58.7784 0.00221665 0.206291
58.9708 0.00220582 0.205513
59.1632 0.00219508 0.204744
59.3556 0.00218443 0.203984
59.548 0.00217386 0.203224
59.7404 0.00216338 0.202473
59.9328 0.00215298 0.201723
60.1252 0.00214267 0.200981
60.3176 0.00213243 0.200249
60.51 0.00212228 0.199515
60.7024 0.00211221 0.198788
60.8948 0.00210222 0.198062
61.0872 0.00209231 0.197348
61.2796 0.00208247 0.196634
61.472 0.00207271 0.195926
61.6644 0.00206303 0.195218
61.8568 0.00205342 0.194522
62.0492 0.00204389 0.193826
62.2416 0.00203443 0.193137
62.434 0.00202504 0.192453
62.6264 0.00201573 0.191769
62.8188 0.00200648 0.191098
63.0112 0.00199731 0.190427
63.2036 0.0019882 0.189755
63.396 0.00197917 0.189096
63.5884 0.0019702 0.188437
63.7808 0.0019613 0.187778
63.9732 0.00195247 0.187131
64.1656 0.0019437 0.186484
64.358 0.001935 0.185843
64.5504 0.00192637 0.185202
64.7428 0.00191779 0.184567
64.9352 0.00190929 0.183939
65.1276 0.00190084 0.18331
65.32 0.00189246 0.182687
65.5124 0.00188413 0.182071
65.7048 0.00187587 0.181454
65.8972 0.00186767 0.180844
66.0896 0.00185953 0.18024
66.282 0.00185144 0.179636
66.4744 0.00184342 0.179037
66.6668 0.00183545 0.178439
66.8592 0.00182754 0.177847
67.0516 0.00181969 0.177261
67.244 0.00181189 0.176675
67.4364 0.00180415 0.176096
67.6288 0.00179646 0.175516
67.8212 0.00178883 0.174942
68.0136 0.00178125 0.174374
68.206 0.00177373 0.173807
68.3984 0.00176626 0.173239
68.5908 0.00175884 0.172678
68.7832 0.00175147 0.172122
68.9756 0.00174415 0.171567
69.168 0.00173689 0.171017
69.3604 0.00172967 0.170468
69.5528 0.00172251 0.169925
69.7452 0.00171539 0.169388
69.9376 0.00170832 0.168845
70.13 0.0017013 0.168314
70.3224 0.00169433 0.167783
70.5148 0.00168741 0.167252
70.7072 0.00168053 0.166727
70.8996 0.0016737 0.166208
71.092 0.00166692 0.165683
71.2844 0.00166018 0.16517
71.4768 0.00165348 0.164658
71.6692 0.00164684 0.164145
71.8616 0.00164023 0.163638
72.054 0.00163367 0.163132
72.2464 0.00162716 0.162631
72.4388 0.00162068 0.162131
72.6312 0.00161425 0.161636
72.8236 0.00160787 0.161142
73.016 0.00160152 0.160654
73.2084 0.00159522 0.160165
73.4008 0.00158895 0.159677
73.5932 0.00158273 0.159195
73.7856 0.00157655 0.158719
73.978 0.00157041 0.158243
74.1704 0.00156431 0.157767
74.3628 0.00155824 0.157297
74.5552 0.00155222 0.156827
74.7476 0.00154624 0.156357
74.94 0.00154029 0.155893
75.1324 0.00153438 0.155435
75.3248 0.00152851 0.154971
75.5172 0.00152268 0.15452
75.7096 0.00151688 0.154062
75.902 0.00151112 0.15361
76.0944 0.0015054 0.153165
76.2868 0.00149971 0.152713
76.4792 0.00149406 0.152274
76.6716 0.00148845 0.151828
76.864 0.00148286 0.151389
77.0564 0.00147732 0.150949
77.2488 0.00147181 0.150516
77.4412 0.00146633 0.150082
77.6336 0.00146089 0.149655
77.826 0.00145548 0.149228
78.0184 0.0014501 0.148801
78.2108 0.00144476 0.148373
78.4032 0.00143944 0.147952
78.5956 0.00143417 0.147537
78.788 0.00142892 0.147116
78.9804 0.00142371 0.146701
79.1728 0.00141852 0.146292
79.3652 0.00141337 0.145883
79.5576 0.00140825 0.145474
79.75 0.00140316 0.145065
79.9424 0.0013981 0.144662
80.1348 0.00139307 0.14426
80.3272 0.00138808 0.143857
80.5196 0.00138311 0.14346
80.712 0.00137817 0.143063
80.9044 0.00137326 0.142673
81.0968 0.00136838 0.142276
81.2892 0.00136353 0.141885
81.4816 0.0013587 0.141501
81.674 0.00135391 0.141116
81.8664 0.00134914 0.140732
82.0588 0.0013444 0.140347
82.2512 0.00133969 0.139969
82.4436 0.00133501 0.13959
82.636 0.00133035 0.139212
82.8284 0.00132572 0.13884
83.0208 0.00132112 0.138461
83.2132 0.00131654 0.138095
83.4056 0.00131199 0.137723
83.598 0.00130747 0.137357
83.7904 0.00130297 0.13699
83.9828 0.0012985 0.136624
84.1752 0.00129405 0.136264
84.3676 0.00128963 0.135904
84.56 0.00128524 0.135544
84.7524 0.00128086 0.13519
84.9448 0.00127652 0.134836
85.1372 0.0012722 0.134482
85.3296 0.0012679 0.134128
85.522 0.00126363 0.13378
85.7144 0.00125938 0.133432
85.9068 0.00125515 0.133084
86.0992 0.00125095 0.132736
86.2916 0.00124677 0.132394
86.484 0.00124261 0.132053
86.6764 0.00123848 0.131711
86.8688 0.00123437 0.131375
87.0612 0.00123028 0.131039
87.2536 0.00122622 0.130704
87.446 0.00122218 0.130368
87.6384 0.00121816 0.130038
87.8308 0.00121416 0.129709
88.0232 0.00121018 0.129379
88.2156 0.00120623 0.12905
88.408 0.0012023 0.128726
88.6004 0.00119839 0.128397
88.7928 0.00119449 0.128073
88.9852 0.00119062 0.127756
89.1776 0.00118678 0.127432
89.37 0.00118295 0.127115
89.5624 0.00117914 0.126797
89.7548 0.00117535 0.12648
89.9472 0.00117159 0.126169
90.1396 0.00116784 0.125858
90.332 0.00116411 0.125546
90.5244 0.00116041 0.125235
90.7168 0.00115672 0.124924
90.9092 0.00115305 0.124619
91.1016 0.0011494 0.124313
91.294 0.00114577 0.124008
91.4864 0.00114216 0.123703
91.6788 0.00113857 0.123404
91.8712 0.001135 0.123105
92.0636 0.00113144 0.122806
92.256 0.00112791 0.122507
92.4484 0.00112439 0.122208
92.6408 0.00112089 0.121915
92.8332 0.00111741 0.121622
93.0256 0.00111395 0.121329
93.218 0.0011105 0.121036
93.4104 0.00110708 0.120749
93.6028 0.00110367 0.120462
93.7952 0.00110028 0.120175
93.9876 0.0010969 0.119888
94.18 0.00109354 0.119601
94.3724 0.0010902 0.119321
94.5648 0.00108688 0.119034
94.7572 0.00108357 0.118753
94.9496 0.00108028 0.118472
95.142 0.00107701 0.118198
95.3344 0.00107375 0.117917
95.5268 0.00107051 0.117642
95.7192 0.00106729 0.117368
95.9116 0.00106408 0.117093
96.104 0.00106089 0.116818
96.2964 0.00105771 0.11655
96.4888 0.00105455 0.116281
96.6812 0.00105141 0.116006
96.8736 0.00104828 0.115744
97.066 0.00104516 0.115475
97.2584 0.00104207 0.115207
97.4508 0.00103898 0.114944
97.6432 0.00103591 0.114682
97.8356 0.00103286 0.11442
98.028 0.00102982 0.114157
98.2204 0.0010268 0.113895
98.4128 0.00102379 0.113638
98.6052 0.0010208 0.113376
98.7976 0.00101782 0.11312
98.99 0.00101486 0.112863
99.1824 0.00101191 0.112613
99.3748 0.00100897 0.112357
99.5672 0.00100605 0.112106
99.7596 0.00100314 0.11185
99.952 0.00100025 0.1116
100.144 0.000997369 0.111349
100.337 0.000994503 0.111105
100.529 0.000991651 0.110855
100.722 0.000988813 0.110611
100.914 0.000985988 0.110361
101.106 0.000983176 0.110117
101.299 0.000980378 0.109872
101.491 0.000977593 0.109628
101.684 0.000974821 0.10939
101.876 0.000972062 0.109146
102.068 0.000969316 0.108908
102.261 0.000966583 0.10867
102.453 0.000963863 0.108432
102.646 0.000961156 0.108194
102.838 0.000958461 0.107962
103.03 0.000955779 0.107724
103.223 0.000953109 0.107492
103.415 0.000950452 0.10726
103.608 0.000947807 0.107022
103.8 0.000945175 0.106796
103.992 0.000942554 0.106564
104.185 0.000939946 0.106332
104.377 0.000937349 0.106107
104.57 0.000934765 0.105875
104.762 0.000932192 0.105649
104.954 0.000929631 0.105423
105.147 0.000927082 0.105197
105.339 0.000924545 0.104977
105.532 0.000922019 0.104752
105.724 0.000919504 0.104532
105.916 0.000917001 0.104306
106.109 0.000914509 0.104086
106.301 0.000912029 0.103867
106.494 0.00090956 0.103647
106.686 0.000907101 0.103433
106.878 0.000904654 0.103214
107.071 0.000902218 0.103
107.263 0.000899793 0.10278
107.456 0.000897379 0.102567
107.648 0.000894975 0.102353
107.84 0.000892582 0.102139
108.033 0.0008902 0.101926
108.225 0.000887828 0.101718
108.418 0.000885467 0.101505
108.61 0.000883116 0.101297
108.802 0.000880776 0.101083
108.995 0.000878446 0.100876
109.187 0.000876126 0.100668
109.38 0.000873817 0.100461
109.572 0.000871517 0.100259
109.764 0.000869228 0.100052
109.957 0.000866949 0.0998505
110.149 0.000864679 0.0996429
110.342 0.00086242 0.0994415
110.534 0.00086017 0.0992401
110.726 0.00085793 0.0990387
110.919 0.0008557 0.0988373
111.111 0.000853479 0.0986359
111.304 0.000851268 0.0984406
111.496 0.000849067 0.0982391
111.688 0.000846875 0.0980438
111.881 0.000844692 0.0978424
112.073 0.000842519 0.0976471
112.266 0.000840355 0.0974518
112.458 0.0008382 0.0972565
112.65 0.000836055 0.0970612
112.843 0.000833918 0.0968719
113.035 0.000831791 0.0966766
113.228 0.000829673 0.0964874
113.42 0.000827564 0.0962921
113.612 0.000825463 0.0961029
113.805 0.000823372 0.0959137
113.997 0.000821289 0.0957245
114.19 0.000819215 0.0955353
114.382 0.00081715 0.0953461
114.574 0.000815093 0.095163
114.767 0.000813046 0.0949738
114.959 0.000811006 0.0947906
115.152 0.000808975 0.0946014
115.344 0.000806953 0.0944183
115.536 0.000804939 0.0942352
115.729 0.000802933 0.0940521
115.921 0.000800936 0.093869
116.114 0.000798947 0.0936859
116.306 0.000796966 0.0935028
116.498 0.000794994 0.0933258
116.691 0.000793029 0.0931427
116.883 0.000791073 0.0929657
117.076 0.000789124 0.0927887
117.268 0.000787184 0.0926117
117.46 0.000785251 0.0924286
117.653 0.000783327 0.0922516
117.845 0.00078141 0.0920807
118.038 0.000779501 0.0919037
118.23 0.0007776 0.0917267
118.422 0.000775707 0.0915558
118.615 0.000773821 0.0913788
118.807 0.000771943 0.0912079
119 0.000770072 0.0910309
119.192 0.000768209 0.09086
119.384 0.000766354 0.0906891
119.577 0.000764505 0.0905182
119.769 0.000762665 0.0903473
119.962 0.000760832 0.0901764
120.154 0.000759006 0.0900116
120.346 0.000757187 0.0898407
120.539 0.000755376 0.0896759
120.731 0.000753571 0.089505
120.924 0.000751774 0.0893402
121.116 0.000749984 0.0891754
121.308 0.000748202 0.0890045
121.501 0.000746426 0.0888397
121.693 0.000744657 0.0886749
121.886 0.000742895 0.0885162
122.078 0.000741141 0.0883514
122.27 0.000739393 0.0881866
122.463 0.000737652 0.088028
122.655 0.000735917 0.0878632
122.848 0.00073419 0.0877045
123.04 0.000732469 0.0875397
123.232 0.000730755 0.087381
123.425 0.000729048 0.0872223
123.617 0.000727347 0.0870636
123.81 0.000725653 0.0869049
124.002 0.000723965 0.0867462
124.194 0.000722284 0.0865875
124.387 0.00072061 0.0864288
124.579 0.000718942 0.0862762
124.772 0.00071728 0.0861176
124.964 0.000715625 0.085965
125.156 0.000713976 0.0858063
125.349 0.000712334 0.0856537
125.541 0.000710697 0.0855011
125.734 0.000709067 0.0853485
125.926 0.000707444 0.0851959
126.118 0.000705826 0.0850433
126.311 0.000704215 0.0848907
126.503 0.000702609 0.0847382
126.696 0.00070101 0.0845856
126.888 0.000699417 0.0844391
127.08 0.00069783 0.0842865
127.273 0.000696249 0.08414
127.465 0.000694673 0.0839874
127.658 0.000693104 0.0838409
127.85 0.000691541 0.0836945
128.042 0.000689983 0.0835419
128.235 0.000688432 0.0833954
128.427 0.000686886 0.0832489
128.62 0.000685346 0.0831024
128.812 0.000683811 0.082962
129.004 0.000682283 0.0828156
129.197 0.00068076 0.0826691
129.389 0.000679243 0.0825226
129.582 0.000677731 0.0823822
129.774 0.000676225 0.0822357
129.966 0.000674724 0.0820953
130.159 0.00067323 0.081955
130.351 0.00067174 0.0818085
130.544 0.000670256 0.0816681
130.736 0.000668778 0.0815277
130.928 0.000667305 0.0813873
131.121 0.000665837 0.0812469
131.313 0.000664375 0.0811066
131.506 0.000662918 0.0809662
131.698 0.000661466 0.0808319
131.89 0.00066002 0.0806915
132.083 0.000658579 0.0805511
132.275 0.000657143 0.0804169
132.468 0.000655712 0.0802765
132.66 0.000654287 0.0801422
132.852 0.000652867 0.0800079
133.045 0.000651451 0.0798676
133.237 0.000650041 0.0797333
133.43 0.000648636 0.079599
133.622 0.000647237 0.0794647
133.814 0.000645842 0.0793304
134.007 0.000644452 0.0791962
134.199 0.000643067 0.0790619
134.392 0.000641687 0.0789276
134.584 0.000640312 0.0787994
134.776 0.000638942 0.0786652
134.969 0.000637577 0.0785309
135.161 0.000636216 0.0784027
135.354 0.000634861 0.0782684
135.546 0.00063351 0.0781403
135.738 0.000632164 0.0780121
135.931 0.000630823 0.0778778
136.123 0.000629486 0.0777496
136.316 0.000628155 0.0776215
136.508 0.000626827 0.0774933
136.7 0.000625505 0.0773651
136.893 0.000624187 0.0772369
137.085 0.000622874 0.0771088
137.278 0.000621566 0.0769806
137.47 0.000620262 0.0768585
137.662 0.000618962 0.0767303
137.855 0.000617667 0.0766022
138.047 0.000616377 0.0764801
138.24 0.000615091 0.0763519
138.432 0.00061381 0.0762299
138.624 0.000612533 0.0761017
138.817 0.00061126 0.0759796
139.009 0.000609992 0.0758575
139.202 0.000608728 0.0757355
139.394 0.000607469 0.0756073
139.586 0.000606214 0.0754852
139.779 0.000604963 0.0753632
139.971 0.000603717 0.0752411
140.164 0.000602474 0.075119
140.356 0.000601236 0.0750031
140.548 0.000600003 0.074881
140.741 0.000598773 0.0747589
140.933 0.000597548 0.0746368
141.126 0.000596327 0.0745209
141.318 0.00059511 0.0743988
141.51 0.000593897 0.0742828
141.703 0.000592688 0.0741608
141.895 0.000591484 0.0740448
142.088 0.000590283 0.0739227
142.28 0.000589087 0.0738068
142.472 0.000587894 0.0736908
142.665 0.000586706 0.0735748
142.857 0.000585521 0.0734589
143.05 0.000584341 0.0733429
143.242 0.000583164 0.0732269
143.434 0.000581992 0.073111
143.627 0.000580823 0.072995
143.819 0.000579658 0.072879
144.012 0.000578498 0.0727631
144.204 0.000577341 0.0726471
144.396 0.000576187 0.0725372
144.589 0.000575038 0.0724213
144.781 0.000573893 0.0723114
144.974 0.000572751 0.0721954
145.166 0.000571613 0.0720856
145.358 0.000570479 0.0719696
145.551 0.000569349 0.0718597
145.743 0.000568222 0.0717438
145.936 0.000567099 0.0716339
146.128 0.00056598 0.071524
146.32 0.000564864 0.0714142
146.513 0.000563752 0.0713043
146.705 0.000562644 0.0711945
146.898 0.000561539 0.0710846
147.09 0.000560438 0.0709747
147.282 0.000559341 0.0708649
147.475 0.000558247 0.070755
147.667 0.000557157 0.0706451
147.86 0.00055607 0.0705353
148.052 0.000554987 0.0704315
148.244 0.000553907 0.0703217
148.437 0.000552831 0.0702179
148.629 0.000551758 0.070108
148.822 0.000550689 0.0699982
149.014 0.000549623 0.0698944
149.206 0.00054856 0.0697906
149.399 0.000547501 0.0696808
149.591 0.000546446 0.069577
149.784 0.000545394 0.0694733
149.976 0.000544345 0.0693634
150.168 0.000543299 0.0692596
150.361 0.000542257 0.0691559
150.553 0.000541219 0.0690521
150.746 0.000540183 0.0689484
150.938 0.000539151 0.0688446
151.13 0.000538122 0.0687408
151.323 0.000537096 0.0686371
151.515 0.000536074 0.0685333
151.708 0.000535055 0.0684357
151.9 0.000534039 0.0683319
152.092 0.000533026 0.0682281
152.285 0.000532017 0.0681244
152.477 0.00053101 0.0680267
152.67 0.000530007 0.067923
152.862 0.000529007 0.0678253
153.054 0.00052801 0.0677216
153.247 0.000527017 0.0676239
153.439 0.000526026 0.0675201
153.632 0.000525039 0.0674225
153.824 0.000524054 0.0673248
154.016 0.000523073 0.0672272
154.209 0.000522095 0.0671234
154.401 0.000521119 0.0670258
154.594 0.000520147 0.0669281
154.786 0.000519178 0.0668304
154.978 0.000518212 0.0667328
155.171 0.000517248 0.0666351
155.363 0.000516288 0.0665375
155.556 0.000515331 0.0664398
155.748 0.000514377 0.0663422
155.94 0.000513425 0.0662445
156.133 0.000512477 0.0661469
156.325 0.000511531 0.0660553
156.518 0.000510589 0.0659576
156.71 0.000509649 0.06586
156.902 0.000508712 0.0657684
157.095 0.000507778 0.0656708
157.287 0.000506847 0.0655792
157.48 0.000505919 0.0654816
157.672 0.000504993 0.06539
157.864 0.000504071 0.0652924
158.057 0.000503151 0.0652008
158.249 0.000502234 0.0651031
158.442 0.00050132 0.0650116
158.634 0.000500408 0.06492
158.826 0.0004995 0.0648285
159.019 0.000498594 0.0647369
159.211 0.00049769 0.0646393
159.404 0.00049679 0.0645477
159.596 0.000495892 0.0644562
159.788 0.000494997 0.0643646
159.981 0.000494105 0.0642731
160.173 0.000493215 0.0641815
160.366 0.000492328 0.06409
160.558 0.000491443 0.0639984
160.75 0.000490562 0.063913
160.943 0.000489682 0.0638214
161.135 0.000488806 0.0637299
161.328 0.000487932 0.0636383
161.52 0.000487061 0.0635529
161.712 0.000486192 0.0634613
161.905 0.000485326 0.0633698
162.097 0.000484462 0.0632843
162.29 0.000483601 0.0631927
162.482 0.000482743 0.0631073
162.674 0.000481887 0.0630157
162.867 0.000481034 0.0629303
163.059 0.000480183 0.0628448
163.252 0.000479334 0.0627533
163.444 0.000478489 0.0626678
163.636 0.000477645 0.0625824
163.829 0.000476804 0.0624908
164.021 0.000475966 0.0624054
164.214 0.00047513 0.0623199
164.406 0.000474296 0.0622345
164.598 0.000473465 0.062149
164.791 0.000472637 0.0620636
164.983 0.00047181 0.0619781
165.176 0.000470986 0.0618927
165.368 0.000470165 0.0618073
165.56 0.000469346 0.0617218
165.753 0.000468529 0.0616364
165.945 0.000467715 0.0615509
166.138 0.000466903 0.0614655
166.33 0.000466093 0.06138
166.522 0.000465286 0.0613007
166.715 0.000464481 0.0612152
166.907 0.000463678 0.0611298
167.1 0.000462878 0.0610504
167.292 0.00046208 0.060965
167.484 0.000461284 0.0608856
167.677 0.000460491 0.0608002
167.869 0.000459699 0.0607147
168.062 0.00045891 0.0606354
168.254 0.000458124 0.060556
168.446 0.000457339 0.0604706
168.639 0.000456557 0.0603912
168.831 0.000455777 0.0603058
169.024 0.000454999 0.0602264
169.216 0.000454224 0.0601471
169.408 0.000453451 0.0600677
169.601 0.000452679 0.0599823
169.793 0.00045191 0.059903
169.986 0.000451144 0.0598236
170.178 0.000450379 0.0597443
170.37 0.000449617 0.0596649
170.563 0.000448856 0.0595856
170.755 0.000448098 0.0595062
170.948 0.000447342 0.0594269
171.14 0.000446588 0.0593475
171.332 0.000445836 0.0592682
171.525 0.000445087 0.0591888
171.717 0.000444339 0.0591095
171.91 0.000443593 0.0590302
172.102 0.00044285 0.0589508
172.294 0.000442109 0.0588776
172.487 0.000441369 0.0587982
172.679 0.000440632 0.0587189
172.872 0.000439897 0.0586395
173.064 0.000439164 0.0585663
173.256 0.000438433 0.0584869
173.449 0.000437704 0.0584137
173.641 0.000436977 0.0583344
173.834 0.000436251 0.058255
174.026 0.000435528 0.0581818
174.218 0.000434807 0.0581024
174.411 0.000434088 0.0580292
174.603 0.000433371 0.0579559
174.796 0.000432656 0.0578766
174.988 0.000431943 0.0578033
175.18 0.000431232 0.0577301
175.373 0.000430523 0.0576508
175.565 0.000429815 0.0575775
175.758 0.00042911 0.0575043
175.95 0.000428406 0.0574249
176.142 0.000427705 0.0573517
176.335 0.000427005 0.0572784
176.527 0.000426308 0.0572052
176.72 0.000425612 0.057132
176.912 0.000424918 0.0570587
177.104 0.000424226 0.0569855
177.297 0.000423536 0.0569122
177.489 0.000422847 0.056839
177.682 0.000422161 0.0567657
177.874 0.000421476 0.0566925
178.066 0.000420794 0.0566193
178.259 0.000420113 0.056546
178.451 0.000419434 0.0564728
178.644 0.000418757 0.0563995
178.836 0.000418081 0.0563324
179.028 0.000417408 0.0562592
179.221 0.000416736 0.0561859
179.413 0.000416066 0.0561127
179.606 0.000415398 0.0560455
179.798 0.000414731 0.0559723
179.99 0.000414067 0.055899
180.183 0.000413404 0.0558319
180.375 0.000412743 0.0557587
180.568 0.000412083 0.0556915
180.76 0.000411426 0.0556183
180.952 0.00041077 0.0555511
181.145 0.000410116 0.0554779
181.337 0.000409464 0.0554108
181.53 0.000408813 0.0553375
181.722 0.000408164 0.0552704
181.914 0.000407517 0.0552032
182.107 0.000406871 0.05513
182.299 0.000406228 0.0550629
182.492 0.000405586 0.0549957
182.684 0.000404945 0.0549225
182.876 0.000404307 0.0548553
183.069 0.00040367 0.0547882
183.261 0.000403034 0.0547211
183.454 0.000402401 0.0546539
183.646 0.000401769 0.0545807
183.838 0.000401138 0.0545135
184.031 0.000400509 0.0544464
184.223 0.000399882 0.0543793
184.416 0.000399257 0.0543121
184.608 0.000398633 0.054245
184.8 0.000398011 0.0541779
184.993 0.00039739 0.0541107
185.185 0.000396771 0.0540436
185.378 0.000396154 0.0539764
185.57 0.000395538 0.0539093
185.762 0.000394924 0.0538483
185.955 0.000394311 0.0537811
186.147 0.0003937 0.053714
186.34 0.000393091 0.0536469
186.532 0.000392483 0.0535797
186.724 0.000391877 0.0535187
186.917 0.000391272 0.0534515
187.109 0.000390669 0.0533844
187.302 0.000390067 0.0533173
187.494 0.000389467 0.0532562
187.686 0.000388869 0.0531891
187.879 0.000388272 0.0531281
188.071 0.000387676 0.0530609
188.264 0.000387082 0.0529938
188.456 0.00038649 0.0529327
188.648 0.000385899 0.0528656
188.841 0.000385309 0.0528046
189.033 0.000384722 0.0527374
189.226 0.000384135 0.0526764
189.418 0.00038355 0.0526154
189.61 0.000382967 0.0525482
189.803 0.000382385 0.0524872
189.995 0.000381804 0.05242
190.188 0.000381225 0.052359
190.38 0.000380647 0.052298
190.572 0.000380071 0.0522369
190.765 0.000379497 0.0521698
190.957 0.000378923 0.0521088
191.15 0.000378352 0.0520477
191.342 0.000377781 0.0519867
191.534 0.000377212 0.0519196
191.727 0.000376645 0.0518585
191.919 0.000376079 0.0517975
192.112 0.000375514 0.0517365
192.304 0.000374951 0.0516754
192.496 0.000374389 0.0516144
192.689 0.000373829 0.0515533
192.881 0.00037327 0.0514923
193.074 0.000372712 0.0514313
193.266 0.000372156 0.0513702
193.458 0.000371601 0.0513092
193.651 0.000371047 0.0512482
193.843 0.000370495 0.0511871
194.036 0.000369944 0.0511261
194.228 0.000369395 0.0510651
194.42 0.000368847 0.051004
194.613 0.0003683 0.0509491
194.805 0.000367755 0.0508881
194.998 0.000367211 0.050827
195.19 0.000366668 0.050766
195.382 0.000366127 0.050705
195.575 0.000365587 0.05065
195.767 0.000365048 0.050589
195.96 0.000364511 0.050528
196.152 0.000363975 0.050473
196.344 0.00036344 0.050412
196.537 0.000362907 0.050351
196.729 0.000362375 0.050296
196.922 0.000361844 0.050235
197.114 0.000361314 0.0501801
197.306 0.000360786 0.050119
197.499 0.000360259 0.0500641
197.691 0.000359734 0.0500031
197.884 0.000359209 0.0499481
198.076 0.000358686 0.0498871
198.268 0.000358164 0.0498322
198.461 0.000357644 0.0497711
198.653 0.000357124 0.0497162
198.846 0.000356606 0.0496552
199.038 0.00035609 0.0496002
199.23 0.000355574 0.0495453
199.423 0.00035506 0.0494843
199.615 0.000354547 0.0494293
199.808 0.000354035 0.0493744
200 0.000353524 0.0493195
