7.6 -0.0489142 1.00563
7.7924 -0.047075 0.970165
7.9848 -0.0453488 0.936642
8.1772 -0.0437263 0.904911
8.3696 -0.0421988 0.874838
8.562 -0.0407587 0.846308
8.7544 -0.0393993 0.819206
8.9468 -0.0381142 0.793436
9.1392 -0.036898 0.768906
9.3316 -0.0357455 0.745529
9.524 -0.0346521 0.723239
9.7164 -0.0336138 0.701962
9.9088 -0.0326267 0.681631
10.1012 -0.0316873 0.662191
10.2936 -0.0307924 0.643585
10.486 -0.0299392 0.625763
10.6784 -0.029125 0.608684
10.8708 -0.0283474 0.592305
11.0632 -0.027604 0.576576
11.2556 -0.0268928 0.56147
11.448 -0.0262119 0.546959
11.6404 -0.0255596 0.532997
11.8328 -0.0249341 0.519557
12.0252 -0.0243339 0.506621
12.2176 -0.0237577 0.49416
12.41 -0.0232041 0.482143
12.6024 -0.0226719 0.470554
12.7948 -0.02216 0.45937
12.9872 -0.0216672 0.448566
13.1796 -0.0211927 0.438137
13.372 -0.0207355 0.428059
13.5644 -0.0202947 0.418308
13.7568 -0.0198694 0.408878
13.9492 -0.0194591 0.399753
14.1416 -0.0190628 0.390915
14.334 -0.01868 0.382358
14.5264 -0.0183101 0.374063
14.7188 -0.0179524 0.366025
14.9112 -0.0176064 0.358231
15.1036 -0.0172715 0.350668
15.296 -0.0169473 0.343326
15.4884 -0.0166333 0.336203
15.6808 -0.0163291 0.329282
15.8732 -0.0160342 0.322562
16.0656 -0.0157483 0.316025
16.258 -0.0154709 0.309677
16.4504 -0.0152017 0.3035
16.6428 -0.0149404 0.297496
16.8352 -0.0146867 0.291646
17.0276 -0.0144403 0.28596
17.22 -0.0142008 0.280412
17.4124 -0.0139681 0.27502
17.6048 -0.0137418 0.269765
17.7972 -0.0135217 0.264647
17.9896 -0.0133076 0.259657
18.182 -0.0130992 0.254787
18.3744 -0.0128964 0.250044
18.5668 -0.0126989 0.245412
18.7592 -0.0125065 0.240898
18.9516 -0.0123191 0.236485
19.144 -0.0121365 0.232182
19.3364 -0.0119585 0.22798
19.5288 -0.011785 0.223878
19.7212 -0.0116157 0.219878
19.9136 -0.0114507 0.215959
20.106 -0.0112896 0.212132
20.2984 -0.0111325 0.208388
20.4908 -0.0109791 0.204735
20.6832 -0.0108293 0.201155
20.8756 -0.0106831 0.197659
21.068 -0.0105402 0.194241
21.2604 -0.0104007 0.190891
21.4528 -0.0102643 0.187619
21.6452 -0.0101311 0.184409
21.8376 -0.0100008 0.181271
22.03 -0.0098734 0.178201
22.2224 -0.00974886 0.175186
22.4148 -0.00962707 0.172238
22.6072 -0.00950788 0.169351
22.7996 -0.00939129 0.166519
22.992 -0.00927719 0.163748
23.1844 -0.00916553 0.161026
23.3768 -0.0090562 0.158365
23.5692 -0.00894917 0.155753
23.7616 -0.00884436 0.153189
23.954 -0.00874171 0.150674
24.1464 -0.00864116 0.148209
24.3388 -0.00854264 0.145792
24.5312 -0.00844614 0.143417
24.7236 -0.00835155 0.141086
24.916 -0.00825882 0.138797
25.1084 -0.00816793 0.136551
25.3008 -0.00807884 0.134348
25.4932 -0.00799145 0.132187
25.6856 -0.00790575 0.130057
25.878 -0.0078217 0.127969
26.0704 -0.00773925 0.125919
26.2628 -0.00765835 0.123904
26.4552 -0.00757897 0.121927
26.6476 -0.00750111 0.11998
26.84 -0.00742468 0.118063
27.0324 -0.00734963 0.116183
27.2248 -0.00727594 0.114334
27.4172 -0.00720362 0.112515
27.6096 -0.00713263 0.110727
27.802 -0.00706288 0.108969
27.9944 -0.00699434 0.107242
28.1868 -0.00692709 0.105539
28.3792 -0.00686097 0.103867
28.5716 -0.00679603 0.102219
28.764 -0.00673223 0.100595
28.9564 -0.00666953 0.098996
29.1488 -0.00660786 0.0974274
29.3412 -0.0065473 0.0958832
29.5336 -0.00648777 0.0943573
29.726 -0.00642924 0.0928558
29.9184 -0.00637168 0.0913788
30.1108 -0.00631508 0.0899261
30.3032 -0.0062594 0.0884918
30.4956 -0.00620468 0.0870819
30.688 -0.00615085 0.0856903
30.8804 -0.00609788 0.0843231
31.0728 -0.0060458 0.0829681
31.2652 -0.00599455 0.0816376
31.4576 -0.00594408 0.0803253
31.65 -0.00589446 0.0790314
31.8424 -0.00584566 0.0777557
32.0348 -0.0057976 0.0764984
32.2272 -0.00575025 0.0752594
32.4196 -0.00570374 0.0740326
32.612 -0.00565791 0.0728241
32.8044 -0.00561274 0.0716339
32.9968 -0.0055683 0.070462
33.1892 -0.00552455 0.0693024
33.3816 -0.00548149 0.0681549
33.574 -0.00543911 0.0670258
33.7664 -0.0053973 0.0659149
33.9588 -0.00535614 0.0648102
34.1512 -0.0053156 0.0637238
34.3436 -0.00527568 0.0626556
34.536 -0.00523635 0.0615936
34.7284 -0.00519754 0.0605499
34.9208 -0.00515938 0.0595123
35.1132 -0.00512178 0.058493
35.3056 -0.00508464 0.057486
35.498 -0.00504813 0.056485
35.6904 -0.00501214 0.0555023
35.8828 -0.00497666 0.0545258
36.0752 -0.00494168 0.0535614
36.2676 -0.0049071 0.0526154
36.46 -0.00487319 0.0516693
36.6524 -0.00483964 0.0507416
36.8448 -0.00480656 0.0498199
37.0372 -0.00477401 0.0489105
37.2296 -0.00474189 0.0480072
37.422 -0.00471021 0.0471161
37.6144 -0.00467894 0.0462372
37.8068 -0.00464816 0.0453583
37.9992 -0.00461769 0.0444977
38.1916 -0.00458771 0.0436432
38.384 -0.00455819 0.0427948
38.5764 -0.00452904 0.0419525
38.7688 -0.00450026 0.0411224
38.9612 -0.00447182 0.0402985
39.1536 -0.00444382 0.0394806
39.346 -0.00441616 0.0386749
39.5384 -0.00438892 0.0378693
39.7308 -0.004362 0.0370758
39.9232 -0.00433549 0.0362823
40.1156 -0.00430927 0.0355011
40.308 -0.00428345 0.034726
40.5004 -0.00425792 0.0339569
40.6928 -0.00423276 0.0331879
40.8852 -0.00420788 0.032431
41.0776 -0.00418335 0.0316742
41.27 -0.00415908 0.0309235
41.4624 -0.00413516 0.0301788
41.6548 -0.00411158 0.0294403
41.8472 -0.00408824 0.0287018
42.0396 -0.00406522 0.0279694
42.232 -0.00404252 0.0272369
42.4244 -0.00402013 0.0265106
42.6168 -0.00399795 0.0257904
42.8092 -0.00397606 0.0250702
43.0016 -0.00395446 0.02435
43.194 -0.00393315 0.0236298
43.3864 -0.00391201 0.0229156
43.5788 -0.00389123 0.0222015
43.7712 -0.00387072 0.0214813
43.9636 -0.00385036 0.0207672
44.156 -0.00383033 0.0200531
44.3484 -0.00381054 0.0193329
44.5408 -0.00379097 0.0186127
44.7332 -0.00377161 0.0178925
44.9256 -0.00375246 0.0171661
45.118 -0.00373359 0.0164337
45.3104 -0.00371499 0.0156952
45.5028 -0.00369655 0.0149506
45.6952 -0.00367836 0.0141937
45.8876 -0.00366038 0.0134247
46.08 -0.0036426 0.0126434
46.2724 -0.00362499 0.0118439
46.4648 -0.00360769 0.0110199
46.6572 -0.0035905 0.0101715
46.8496 -0.00357359 0.0092865
47.042 -0.00355682 0.00835876
47.2344 -0.00354025 0.00737
47.4268 -0.0035239 0.00628357
47.6192 -0.0035077 0.00506287
47.8116 -0.00349169 0.0035553
48.004 -0.0034759 0.000924683
