7.6 -0.0562631 3.05176e-06
7.7924 -0.0541511 3.05176e-06
7.9848 -0.0521684 3.05176e-06
8.1772 -0.0503042 3.05176e-06
8.3696 -0.0485488 3.05176e-06
8.562 -0.0468935 3.05176e-06
8.7544 -0.0453304 3.05176e-06
8.9468 -0.0438525 3.05176e-06
9.1392 -0.0368552 1.46334
9.3316 -0.0357014 1.42431
9.524 -0.0346067 1.38754
9.7164 -0.0335671 1.35279
9.9088 -0.0325786 1.31985
10.1012 -0.0316378 1.28855
10.2936 -0.0307416 1.25876
10.486 -0.029887 1.23032
10.6784 -0.0290714 1.20316
10.8708 -0.0282923 1.17718
11.0632 -0.0275475 1.15229
11.2556 -0.0268349 1.12841
11.448 -0.0261526 1.10549
11.6404 -0.0254988 1.08346
11.8328 -0.0248718 1.06227
12.0252 -0.0242701 1.04186
12.2176 -0.0236924 1.0222
12.41 -0.0231373 1.00324
12.6024 -0.0226036 0.984943
12.7948 -0.0220901 0.967274
12.9872 -0.0215959 0.950207
13.1796 -0.0211198 0.933697
13.372 -0.020661 0.917721
13.5644 -0.0202186 0.902264
13.7568 -0.0197918 0.887287
13.9492 -0.0193798 0.872771
14.1416 -0.0189819 0.858702
14.334 -0.0185975 0.845051
14.5264 -0.018226 0.831806
14.7188 -0.0178666 0.818945
14.9112 -0.0175189 0.806448
15.1036 -0.0171824 0.794308
15.296 -0.0168566 0.78251
15.4884 -0.0165409 0.77103
15.6808 -0.0162349 0.759866
15.8732 -0.0159383 0.748996
16.0656 -0.0156507 0.738419
16.258 -0.0153716 0.728116
16.4504 -0.0151007 0.718076
16.6428 -0.0148377 0.708286
16.8352 -0.0145822 0.698748
17.0276 -0.014334 0.689444
17.22 -0.0140928 0.680371
17.4124 -0.0138582 0.671516
17.6048 -0.0136302 0.662875
17.7972 -0.0134083 0.654437
17.9896 -0.0131923 0.646196
18.182 -0.0129822 0.638143
18.3744 -0.0127775 0.630276
18.5668 -0.0125782 0.622591
18.7592 -0.012384 0.615071
18.9516 -0.0121947 0.607723
19.144 -0.0120103 0.600534
19.3364 -0.0118304 0.593504
19.5288 -0.011655 0.58662
19.7212 -0.0114839 0.579881
19.9136 -0.0113169 0.573289
20.106 -0.011154 0.566835
20.2984 -0.0109949 0.560509
20.4908 -0.0108396 0.554311
20.6832 -0.0106879 0.548241
20.8756 -0.0105397 0.542299
21.068 -0.0103949 0.536467
21.2604 -0.0102534 0.530754
21.4528 -0.0101151 0.525151
21.6452 -0.00997988 0.519649
21.8376 -0.00984764 0.514256
22.03 -0.0097183 0.508974
22.2224 -0.00959176 0.503783
22.4148 -0.00946795 0.498692
22.6072 -0.00934679 0.493694
22.7996 -0.00922819 0.488789
22.992 -0.00911208 0.483967
23.1844 -0.00899838 0.479237
23.3768 -0.00888703 0.47459
23.5692 -0.00877797 0.47002
23.7616 -0.00867111 0.465542
23.954 -0.00856641 0.461132
24.1464 -0.0084638 0.456806
24.3388 -0.00836323 0.452549
24.5312 -0.00826463 0.44836
24.7236 -0.00816796 0.444248
24.916 -0.00807316 0.440205
25.1084 -0.00798018 0.436222
25.3008 -0.00788897 0.432316
25.4932 -0.00779949 0.428463
25.6856 -0.00771168 0.424679
25.878 -0.00762552 0.420956
26.0704 -0.00754095 0.417286
26.2628 -0.00745793 0.413685
26.4552 -0.00737642 0.41013
26.6476 -0.00729639 0.406635
26.84 -0.0072178 0.403194
27.0324 -0.00714061 0.399808
27.2248 -0.00706479 0.396469
27.4172 -0.0069903 0.393185
27.6096 -0.00691711 0.389951
27.802 -0.00684519 0.386758
27.9944 -0.00677451 0.383621
28.1868 -0.00670503 0.380527
28.3792 -0.00663674 0.377475
28.5716 -0.0065696 0.374472
28.764 -0.00650359 0.371512
28.9564 -0.00643867 0.368594
29.1488 -0.00637483 0.36572
29.3412 -0.00631204 0.362881
29.5336 -0.00625027 0.360086
29.726 -0.0061895 0.357327
29.9184 -0.00612971 0.354611
30.1108 -0.00607088 0.351932
30.3032 -0.00601299 0.349283
30.4956 -0.00595601 0.346677
30.688 -0.00589992 0.344107
30.8804 -0.00584471 0.341568
31.0728 -0.00579036 0.339059
31.2652 -0.00573684 0.336594
31.4576 -0.00568414 0.334152
31.65 -0.00563225 0.331747
31.8424 -0.00558114 0.329373
32.0348 -0.0055308 0.327029
32.2272 -0.00548121 0.324716
32.4196 -0.00543236 0.322433
32.612 -0.00538423 0.320175
32.8044 -0.00533681 0.317947
32.9968 -0.00529008 0.31575
33.1892 -0.00524403 0.313583
33.3816 -0.00519865 0.311435
33.574 -0.00515391 0.309317
33.7664 -0.00510982 0.30723
33.9588 -0.00506634 0.305161
34.1512 -0.00502349 0.303122
34.3436 -0.00498123 0.301108
34.536 -0.00493956 0.299117
34.7284 -0.00489847 0.297148
34.9208 -0.00485795 0.295207
35.1132 -0.00481799 0.293285
35.3056 -0.00477856 0.29138
35.498 -0.00473968 0.289513
35.6904 -0.00470132 0.287654
35.8828 -0.00466347 0.285823
36.0752 -0.00462613 0.28401
36.2676 -0.00458929 0.282216
36.46 -0.00455293 0.280449
36.6524 -0.00451705 0.2787
36.8448 -0.00448164 0.27697
37.0372 -0.00444669 0.275258
37.2296 -0.00441219 0.273564
37.422 -0.00437813 0.271889
37.6144 -0.00434451 0.270232
37.8068 -0.00431132 0.268602
37.9992 -0.00427855 0.266982
38.1916 -0.0042462 0.265379
38.384 -0.00421425 0.263795
38.5764 -0.0041827 0.26223
38.7688 -0.00415154 0.260674
38.9612 -0.00412076 0.259145
39.1536 -0.00409037 0.257625
39.346 -0.00406034 0.256123
39.5384 -0.00403068 0.25464
39.7308 -0.00400138 0.253166
39.9232 -0.00397244 0.25172
40.1156 -0.00394384 0.250273
40.308 -0.00391559 0.248854
40.5004 -0.00388767 0.247444
40.6928 -0.00386008 0.246043
40.8852 -0.00383281 0.244661
41.0776 -0.00380587 0.243297
41.27 -0.00377924 0.241942
41.4624 -0.00375291 0.240605
41.6548 -0.0037269 0.239278
41.8472 -0.00370118 0.237968
42.0396 -0.00367576 0.236659
42.232 -0.00365062 0.235378
42.4244 -0.00362577 0.234105
42.6168 -0.00360121 0.232841
42.8092 -0.00357691 0.231587
43.0016 -0.0035529 0.230351
43.194 -0.00352914 0.229124
43.3864 -0.00350566 0.227907
43.5788 -0.00348243 0.226707
43.7712 -0.00345946 0.225517
43.9636 -0.00343673 0.224336
44.156 -0.00341426 0.223164
44.3484 -0.00339203 0.222011
44.5408 -0.00337004 0.220857
44.7332 -0.00334829 0.219722
44.9256 -0.00332677 0.218596
45.118 -0.00330548 0.217479
45.3104 -0.00328442 0.21638
45.5028 -0.00326358 0.215282
45.6952 -0.00324295 0.214192
45.8876 -0.00322255 0.213121
46.08 -0.00320236 0.212059
46.2724 -0.00318238 0.210997
46.4648 -0.0031626 0.209953
46.6572 -0.00314303 0.208919
46.8496 -0.00312366 0.207884
47.042 -0.00310449 0.206868
47.2344 -0.00308552 0.205861
47.4268 -0.00306673 0.204854
47.6192 -0.00304814 0.203865
47.8116 -0.00302973 0.202876
48.004 -0.00301151 0.201906
48.1964 -0.00299347 0.200935
48.3888 -0.00297561 0.199979
48.5812 -0.00295793 0.199026
48.7736 -0.00294042 0.198087
48.966 -0.00292308 0.197153
49.1584 -0.00290592 0.196225
49.3508 -0.00288892 0.195309
49.5432 -0.00287208 0.194394
49.7356 -0.00285541 0.193491
49.928 -0.0028389 0.192599
50.1204 -0.00282255 0.191708
50.3128 -0.00280635 0.190829
50.5052 -0.00279031 0.189957
50.6976 -0.00277442 0.18909
50.89 -0.00275869 0.188229
51.0824 -0.0027431 0.187375
51.2748 -0.00272765 0.186533
51.4672 -0.00271235 0.18569
51.6596 -0.0026972 0.18486
51.852 -0.00268218 0.184036
52.0444 -0.0026673 0.183218
52.2368 -0.00265256 0.182407
52.4292 -0.00263796 0.181601
52.6216 -0.00262349 0.180801
52.814 -0.00260915 0.180008
53.0064 -0.00259494 0.179221
53.1988 -0.00258086 0.178439
53.3912 -0.0025669 0.177664
53.5836 -0.00255308 0.176895
53.776 -0.00253937 0.176132
53.9684 -0.00252579 0.175381
54.1608 -0.00251233 0.174631
54.3532 -0.00249898 0.173886
54.5456 -0.00248576 0.173141
54.738 -0.00247265 0.172409
54.9304 -0.00245966 0.171683
55.1228 -0.00244678 0.170963
55.3152 -0.00243401 0.170242
55.5076 -0.00242135 0.169528
55.7 -0.0024088 0.168826
55.8924 -0.00239636 0.168124
56.0848 -0.00238403 0.167429
56.2772 -0.0023718 0.166739
56.4696 -0.00235968 0.166049
56.662 -0.00234766 0.165372
56.8544 -0.00233574 0.164694
57.0468 -0.00232392 0.164023
57.2392 -0.0023122 0.163358
57.4316 -0.00230058 0.162698
57.624 -0.00228906 0.162039
57.8164 -0.00227763 0.161392
58.0088 -0.0022663 0.160745
58.2012 -0.00225506 0.160098
58.3936 -0.00224391 0.159464
58.586 -0.00223286 0.158829
58.7784 -0.00222189 0.1582
58.9708 -0.00221102 0.157578
59.1632 -0.00220023 0.156955
59.3556 -0.00218953 0.156345
59.548 -0.00217892 0.155734
59.7404 -0.00216839 0.155124
59.9328 -0.00215795 0.15452
60.1252 -0.00214759 0.153922
60.3176 -0.00213732 0.153329
60.51 -0.00212712 0.152737
60.7024 -0.00211701 0.152151
60.8948 -0.00210697 0.151572
61.0872 -0.00209702 0.150992
61.2796 -0.00208714 0.150418
61.472 -0.00207734 0.14985
61.6644 -0.00206762 0.149283
61.8568 -0.00205797 0.148721
62.0492 -0.0020484 0.14816
62.2416 -0.0020389 0.147604
62.434 -0.00202948 0.147055
62.6264 -0.00202012 0.146506
62.8188 -0.00201084 0.145963
63.0112 -0.00200163 0.145425
63.2036 -0.00199249 0.144888
63.396 -0.00198342 0.144351
63.5884 -0.00197442 0.14382
63.7808 -0.00196549 0.143295
63.9732 -0.00195662 0.142776
64.1656 -0.00194782 0.142252
64.358 -0.00193908 0.141739
64.5504 -0.00193041 0.141226
64.7428 -0.00192181 0.140714
64.9352 -0.00191327 0.140207
65.1276 -0.00190479 0.139706
65.32 -0.00189637 0.139206
65.5124 -0.00188802 0.138712
65.7048 -0.00187973 0.138217
65.8972 -0.0018715 0.137729
66.0896 -0.00186332 0.137241
66.282 -0.00185521 0.136752
66.4744 -0.00184716 0.136276
66.6668 -0.00183916 0.135794
66.8592 -0.00183122 0.135318
67.0516 -0.00182334 0.134848
67.244 -0.00181552 0.134378
67.4364 -0.00180775 0.133914
67.6288 -0.00180003 0.13345
67.8212 -0.00179237 0.132986
68.0136 -0.00178477 0.132529
68.206 -0.00177722 0.132077
68.3984 -0.00176972 0.131625
68.5908 -0.00176227 0.131174
68.7832 -0.00175488 0.130728
68.9756 -0.00174754 0.130283
69.168 -0.00174025 0.129843
69.3604 -0.001733 0.129404
69.5528 -0.00172581 0.12897
69.7452 -0.00171867 0.128537
69.9376 -0.00171158 0.128104
70.13 -0.00170454 0.127676
70.3224 -0.00169754 0.127249
70.5148 -0.0016906 0.126828
70.7072 -0.0016837 0.126407
70.8996 -0.00167684 0.125986
71.092 -0.00167004 0.125571
71.2844 -0.00166328 0.125162
71.4768 -0.00165656 0.124747
71.6692 -0.00164989 0.124338
71.8616 -0.00164327 0.123935
72.054 -0.00163669 0.123532
72.2464 -0.00163015 0.123129
72.4388 -0.00162366 0.122733
72.6312 -0.0016172 0.122336
72.8236 -0.0016108 0.121939
73.016 -0.00160443 0.121548
73.2084 -0.00159811 0.121158
73.4008 -0.00159182 0.120767
73.5932 -0.00158558 0.120383
73.7856 -0.00157938 0.119998
73.978 -0.00157322 0.11962
74.1704 -0.0015671 0.119241
74.3628 -0.00156102 0.118863
74.5552 -0.00155498 0.118484
74.7476 -0.00154897 0.118112
74.94 -0.00154301 0.117746
75.1324 -0.00153708 0.117374
75.3248 -0.0015312 0.117007
75.5172 -0.00152534 0.116641
75.7096 -0.00151953 0.116281
75.902 -0.00151375 0.115921
76.0944 -0.00150801 0.115561
76.2868 -0.00150231 0.115207
76.4792 -0.00149664 0.114853
76.6716 -0.00149101 0.114499
76.864 -0.00148541 0.114145
77.0564 -0.00147985 0.113797
77.2488 -0.00147432 0.113449
77.4412 -0.00146883 0.113107
77.6336 -0.00146337 0.112766
77.826 -0.00145794 0.112424
78.0184 -0.00145255 0.112082
78.2108 -0.00144719 0.111746
78.4032 -0.00144187 0.111411
78.5956 -0.00143657 0.111075
78.788 -0.00143131 0.110745
78.9804 -0.00142608 0.11041
79.1728 -0.00142089 0.110086
79.3652 -0.00141572 0.109756
79.5576 -0.00141059 0.109433
79.75 -0.00140548 0.109109
79.9424 -0.00140041 0.108786
80.1348 -0.00139537 0.108463
80.3272 -0.00139036 0.108145
80.5196 -0.00138537 0.107828
80.712 -0.00138042 0.10751
80.9044 -0.0013755 0.107199
81.0968 -0.0013706 0.106888
81.2892 -0.00136574 0.106577
81.4816 -0.0013609 0.106265
81.674 -0.0013561 0.10596
81.8664 -0.00135132 0.105655
82.0588 -0.00134656 0.10535
82.2512 -0.00134184 0.105051
82.4436 -0.00133714 0.104745
82.636 -0.00133248 0.104446
82.8284 -0.00132783 0.104147
83.0208 -0.00132322 0.103854
83.2132 -0.00131863 0.103555
83.4056 -0.00131407 0.103262
83.598 -0.00130954 0.102969
83.7904 -0.00130503 0.102682
83.9828 -0.00130054 0.10239
84.1752 -0.00129608 0.102103
84.3676 -0.00129165 0.101816
84.56 -0.00128725 0.101535
84.7524 -0.00128286 0.101248
84.9448 -0.00127851 0.100967
85.1372 -0.00127417 0.100687
85.3296 -0.00126986 0.100406
85.522 -0.00126558 0.100131
85.7144 -0.00126132 0.0998505
85.9068 -0.00125708 0.0995758
86.0992 -0.00125287 0.0993011
86.2916 -0.00124868 0.0990326
86.484 -0.00124452 0.0987579
86.6764 -0.00124038 0.0984894
86.8688 -0.00123626 0.0982208
87.0612 -0.00123216 0.0979523
87.2536 -0.00122808 0.0976898
87.446 -0.00122403 0.0974213
87.6384 -0.00122 0.0971588
87.8308 -0.001216 0.0968964
88.0232 -0.00121201 0.0966339
88.2156 -0.00120805 0.0963776
88.408 -0.0012041 0.0961151
88.6004 -0.00120018 0.0958588
88.7928 -0.00119628 0.0956024
88.9852 -0.00119241 0.0953461
89.1776 -0.00118855 0.0950958
89.37 -0.00118471 0.0948395
89.5624 -0.00118089 0.0945892
89.7548 -0.0011771 0.094339
89.9472 -0.00117332 0.0940948
90.1396 -0.00116957 0.0938446
90.332 -0.00116583 0.0935944
90.5244 -0.00116212 0.0933502
90.7168 -0.00115842 0.0931061
90.9092 -0.00115474 0.0928619
91.1016 -0.00115109 0.0926239
91.294 -0.00114745 0.0923798
91.4864 -0.00114383 0.0921417
91.6788 -0.00114023 0.0919037
91.8712 -0.00113665 0.0916656
92.0636 -0.00113309 0.0914276
92.256 -0.00112955 0.0911896
92.4484 -0.00112602 0.0909576
92.6408 -0.00112252 0.0907257
92.8332 -0.00111903 0.0904938
93.0256 -0.00111556 0.0902618
93.218 -0.0011121 0.0900299
93.4104 -0.00110867 0.089798
93.6028 -0.00110525 0.0895721
93.7952 -0.00110185 0.0893463
93.9876 -0.00109847 0.0891205
94.18 -0.00109511 0.0888947
94.3724 -0.00109176 0.0886688
94.5648 -0.00108843 0.088443
94.7572 -0.00108511 0.0882233
94.9496 -0.00108182 0.0880035
95.142 -0.00107854 0.0877838
95.3344 -0.00107527 0.0875641
95.5268 -0.00107203 0.0873444
95.7192 -0.0010688 0.0871246
95.9116 -0.00106558 0.086911
96.104 -0.00106238 0.0866974
96.2964 -0.0010592 0.0864777
96.4888 -0.00105603 0.086264
96.6812 -0.00105288 0.0860504
96.8736 -0.00104975 0.0858429
97.066 -0.00104663 0.0856293
97.2584 -0.00104352 0.0854218
97.4508 -0.00104043 0.0852142
97.6432 -0.00103736 0.0850006
97.8356 -0.0010343 0.0847992
98.028 -0.00103126 0.0845917
98.2204 -0.00102823 0.0843842
98.4128 -0.00102521 0.0841766
98.6052 -0.00102221 0.0839752
98.7976 -0.00101923 0.0837738
98.99 -0.00101626 0.0835724
99.1824 -0.0010133 0.083371
99.3748 -0.00101036 0.0831696
99.5672 -0.00100744 0.0829681
99.7596 -0.00100452 0.0827728
99.952 -0.00100162 0.0825714
100.144 -0.000998738 0.0823761
100.337 -0.000995866 0.0821808
100.529 -0.000993009 0.0819855
100.722 -0.000990165 0.0817902
100.914 -0.000987334 0.0815948
101.106 -0.000984518 0.0814056
101.299 -0.000981714 0.0812103
101.491 -0.000978924 0.0810211
101.684 -0.000976147 0.0808319
101.876 -0.000973382 0.0806427
102.068 -0.000970632 0.0804535
102.261 -0.000967894 0.0802643
102.453 -0.000965169 0.0800751
102.646 -0.000962456 0.0798859
102.838 -0.000959756 0.0797028
103.03 -0.000957069 0.0795197
103.223 -0.000954395 0.0793304
103.415 -0.000951733 0.0791473
103.608 -0.000949083 0.0789642
103.8 -0.000946445 0.0787872
103.992 -0.00094382 0.0786041
104.185 -0.000941207 0.078421
104.377 -0.000938606 0.078244
104.57 -0.000936017 0.0780609
104.762 -0.00093344 0.0778839
104.954 -0.000930874 0.0777069
105.147 -0.000928321 0.0775299
105.339 -0.000925779 0.0773529
105.532 -0.000923248 0.0771759
105.724 -0.000920729 0.077005
105.916 -0.000918222 0.076828
106.109 -0.000915726 0.0766571
106.301 -0.000913241 0.0764801
106.494 -0.000910767 0.0763092
106.686 -0.000908305 0.0761383
106.878 -0.000905853 0.0759674
107.071 -0.000903413 0.0757965
107.263 -0.000900984 0.0756256
107.456 -0.000898565 0.0754608
107.648 -0.000896158 0.0752899
107.84 -0.00089376 0.0751251
108.033 -0.000891374 0.0749542
108.225 -0.000888999 0.0747894
108.418 -0.000886633 0.0746246
108.61 -0.000884279 0.0744598
108.802 -0.000881934 0.074295
108.995 -0.000879601 0.0741302
109.187 -0.000877277 0.0739655
109.38 -0.000874963 0.0738068
109.572 -0.000872661 0.073642
109.764 -0.000870367 0.0734833
109.957 -0.000868084 0.0733246
110.149 -0.000865811 0.0731598
110.342 -0.000863548 0.0730011
110.534 -0.000861294 0.0728424
110.726 -0.000859051 0.0726837
110.919 -0.000856817 0.0725311
111.111 -0.000854593 0.0723724
111.304 -0.000852378 0.0722137
111.496 -0.000850173 0.0720612
111.688 -0.000847977 0.0719025
111.881 -0.000845791 0.0717499
112.073 -0.000843614 0.0715973
112.266 -0.000841447 0.0714447
112.458 -0.000839289 0.0712921
112.65 -0.00083714 0.0711395
112.843 -0.000835 0.0709869
113.035 -0.00083287 0.0708344
113.228 -0.000830748 0.0706818
113.42 -0.000828636 0.0705353
113.612 -0.000826532 0.0703827
113.805 -0.000824437 0.0702362
113.997 -0.000822351 0.0700836
114.19 -0.000820274 0.0699371
114.382 -0.000818206 0.0697906
114.574 -0.000816146 0.0696442
114.767 -0.000814095 0.0694977
114.959 -0.000812053 0.0693512
115.152 -0.000810019 0.0692047
115.344 -0.000807993 0.0690643
115.536 -0.000805977 0.0689178
115.729 -0.000803968 0.0687775
115.921 -0.000801967 0.068631
116.114 -0.000799976 0.0684906
116.306 -0.000797991 0.0683502
116.498 -0.000796016 0.0682037
116.691 -0.000794049 0.0680634
116.883 -0.000792089 0.067923
117.076 -0.000790138 0.0677826
117.268 -0.000788195 0.0676422
117.46 -0.000786259 0.0675079
117.653 -0.000784332 0.0673676
117.845 -0.000782412 0.0672272
118.038 -0.000780501 0.0670929
118.23 -0.000778597 0.0669525
118.422 -0.000776701 0.0668182
118.615 -0.000774812 0.066684
118.807 -0.000772931 0.0665497
119 -0.000771058 0.0664093
119.192 -0.000769192 0.066275
119.384 -0.000767334 0.0661407
119.577 -0.000765483 0.0660126
119.769 -0.00076364 0.0658783
119.962 -0.000761804 0.065744
120.154 -0.000759976 0.0656097
120.346 -0.000758154 0.0654816
120.539 -0.00075634 0.0653473
120.731 -0.000754534 0.0652191
120.924 -0.000752734 0.0650848
121.116 -0.000750942 0.0649567
121.308 -0.000749157 0.0648285
121.501 -0.000747378 0.0647003
121.693 -0.000745607 0.0645721
121.886 -0.000743843 0.064444
122.078 -0.000742086 0.0643158
122.27 -0.000740335 0.0641876
122.463 -0.000738592 0.0640594
122.655 -0.000736855 0.0639313
122.848 -0.000735125 0.0638092
123.04 -0.000733403 0.063681
123.232 -0.000731686 0.063559
123.425 -0.000729976 0.0634308
123.617 -0.000728273 0.0633087
123.81 -0.000726577 0.0631866
124.002 -0.000724887 0.0630585
124.194 -0.000723204 0.0629364
124.387 -0.000721527 0.0628143
124.579 -0.000719857 0.0626923
124.772 -0.000718193 0.0625702
124.964 -0.000716536 0.0624481
125.156 -0.000714885 0.062326
125.349 -0.00071324 0.0622101
125.541 -0.000711602 0.062088
125.734 -0.000709969 0.0619659
125.926 -0.000708344 0.06185
126.118 -0.000706724 0.0617279
126.311 -0.00070511 0.0616119
126.503 -0.000703503 0.061496
126.696 -0.000701902 0.0613739
126.888 -0.000700306 0.0612579
127.08 -0.000698717 0.061142
127.273 -0.000697134 0.061026
127.465 -0.000695557 0.06091
127.658 -0.000693985 0.0607941
127.85 -0.00069242 0.0606781
128.042 -0.000690861 0.0605621
128.235 -0.000689308 0.0604462
128.427 -0.00068776 0.0603363
128.62 -0.000686217 0.0602203
128.812 -0.000684681 0.0601044
129.004 -0.000683151 0.0599945
129.197 -0.000681626 0.0598785
129.389 -0.000680107 0.0597687
129.582 -0.000678594 0.0596527
129.774 -0.000677086 0.0595428
129.966 -0.000675583 0.059433
130.159 -0.000674086 0.0593231
130.351 -0.000672595 0.0592133
130.544 -0.000671109 0.0591034
130.736 -0.000669629 0.0589935
130.928 -0.000668154 0.0588837
131.121 -0.000666685 0.0587738
131.313 -0.000665221 0.0586639
131.506 -0.000663762 0.0585541
131.698 -0.000662309 0.0584442
131.89 -0.00066086 0.0583405
132.083 -0.000659418 0.0582306
132.275 -0.00065798 0.0581268
132.468 -0.000656548 0.058017
132.66 -0.000655121 0.0579132
132.852 -0.000653699 0.0578033
133.045 -0.000652282 0.0576996
133.237 -0.00065087 0.0575958
133.43 -0.000649464 0.057486
133.622 -0.000648063 0.0573822
133.814 -0.000646666 0.0572784
134.007 -0.000645274 0.0571747
134.199 -0.000643888 0.0570709
134.392 -0.000642506 0.0569672
134.584 -0.00064113 0.0568634
134.776 -0.000639758 0.0567596
134.969 -0.000638391 0.056662
135.161 -0.000637029 0.0565582
135.354 -0.000635672 0.0564545
135.546 -0.00063432 0.0563507
135.738 -0.000632972 0.0562531
135.931 -0.00063163 0.0561493
136.123 -0.000630292 0.0560516
136.316 -0.000628958 0.0559479
136.508 -0.00062763 0.0558502
136.7 -0.000626306 0.0557526
136.893 -0.000624987 0.0556488
137.085 -0.000623672 0.0555511
137.278 -0.000622362 0.0554535
137.47 -0.000621057 0.0553558
137.662 -0.000619756 0.0552582
137.855 -0.00061846 0.0551605
138.047 -0.000617168 0.0550629
138.24 -0.000615881 0.0549652
138.432 -0.000614598 0.0548676
138.624 -0.00061332 0.0547699
138.817 -0.000612046 0.0546722
139.009 -0.000610776 0.0545807
139.202 -0.000609511 0.054483
139.394 -0.00060825 0.0543854
139.586 -0.000606994 0.0542938
139.779 -0.000605742 0.0541962
139.971 -0.000604494 0.0541046
140.164 -0.00060325 0.054007
140.356 -0.000602011 0.0539154
140.548 -0.000600776 0.0538177
140.741 -0.000599545 0.0537262
140.933 -0.000598319 0.0536346
141.126 -0.000597096 0.0535431
141.318 -0.000595878 0.0534454
141.51 -0.000594664 0.0533539
141.703 -0.000593454 0.0532623
141.895 -0.000592248 0.0531708
142.088 -0.000591046 0.0530792
142.28 -0.000589849 0.0529877
142.472 -0.000588655 0.0528961
142.665 -0.000587466 0.0528046
142.857 -0.00058628 0.0527191
143.05 -0.000585098 0.0526276
143.242 -0.00058392 0.052536
143.434 -0.000582746 0.0524445
143.627 -0.000581576 0.052359
143.819 -0.000580411 0.0522675
144.012 -0.000579249 0.052182
144.204 -0.00057809 0.0520905
144.396 -0.000576936 0.052005
144.589 -0.000575786 0.0519135
144.781 -0.000574639 0.051828
144.974 -0.000573496 0.0517365
145.166 -0.000572357 0.051651
