7.9848 0.0443204 2.02039
8.1772 0.0427655 1.96383
8.3696 0.0412993 1.91045
8.562 0.0399151 1.85994
8.7544 0.0386065 1.81204
8.9468 0.0373679 1.76656
9.1392 0.0361941 1.72328
9.3316 0.0350805 1.68206
9.524 0.0340229 1.64272
9.7164 0.0330173 1.60515
9.9088 0.0320604 1.56922
10.1012 0.0311488 1.53482
10.2936 0.0302795 1.50185
10.486 0.02945 1.47023
10.6784 0.0286577 1.43986
10.8708 0.0279002 1.41068
11.0632 0.0271756 1.38262
11.2556 0.0264818 1.35561
11.448 0.025817 1.32959
11.6404 0.0251796 1.30451
11.8328 0.024568 1.28033
12.0252 0.0239807 1.25698
12.2176 0.0234165 1.23444
12.41 0.022874 1.21265
12.6024 0.0223522 1.19158
12.7948 0.0218499 1.1712
12.9872 0.0213662 1.15147
13.1796 0.0209 1.13237
13.372 0.0204506 1.11386
13.5644 0.020017 1.09592
13.7568 0.0195986 1.07851
13.9492 0.0191945 1.06163
14.1416 0.0188041 1.04523
14.334 0.0184268 1.02931
14.5264 0.0180619 1.01385
14.7188 0.0177089 0.998814
14.9112 0.0173673 0.984196
15.1036 0.0170365 0.969982
15.296 0.0167161 0.956142
15.4884 0.0164055 0.942684
15.6808 0.0161045 0.929569
15.8732 0.0158126 0.916798
16.0656 0.0155294 0.904354
16.258 0.0152546 0.892224
16.4504 0.0149877 0.8804
16.6428 0.0147286 0.868871
16.8352 0.0144768 0.857617
17.0276 0.0142321 0.846637
17.22 0.0139943 0.835919
17.4124 0.013763 0.825454
17.6048 0.013538 0.815237
17.7972 0.013319 0.805253
17.9896 0.0131059 0.795493
18.182 0.0128985 0.785959
18.3744 0.0126964 0.776639
18.5668 0.0124996 0.76752
18.7592 0.0123078 0.758603
18.9516 0.0121208 0.749875
19.144 0.0119386 0.741336
19.3364 0.0117608 0.73298
19.5288 0.0115874 0.724802
19.7212 0.0114183 0.716788
19.9136 0.0112532 0.708945
20.106 0.0110921 0.701254
20.2984 0.0109347 0.693722
20.4908 0.0107811 0.686341
20.6832 0.010631 0.67911
20.8756 0.0104844 0.672013
21.068 0.0103411 0.665059
21.2604 0.010201 0.658239
21.4528 0.0100641 0.651548
21.6452 0.00993021 0.644984
21.8376 0.00979927 0.638543
22.03 0.00967117 0.63222
22.2224 0.00954585 0.626014
22.4148 0.00942321 0.619926
22.6072 0.00930317 0.613945
22.7996 0.00918566 0.60807
22.992 0.0090706 0.602302
23.1844 0.00895792 0.596635
23.3768 0.00884756 0.59106
23.5692 0.00873944 0.585594
23.7616 0.00863351 0.580211
23.954 0.00852971 0.574928
24.1464 0.00842796 0.569728
24.3388 0.00832822 0.564619
24.5312 0.00823044 0.559602
24.7236 0.00813455 0.554659
24.916 0.00804051 0.549797
25.1084 0.00794827 0.545018
25.3008 0.00785778 0.540312
25.4932 0.00776899 0.535689
25.6856 0.00768187 0.531129
25.878 0.00759635 0.526653
26.0704 0.00751242 0.52224
26.2628 0.00743002 0.5179
26.4552 0.00734911 0.513625
26.6476 0.00726966 0.509413
26.84 0.00719163 0.505266
27.0324 0.00711499 0.501183
27.2248 0.0070397 0.497158
27.4172 0.00696573 0.493198
27.6096 0.00689305 0.489292
27.802 0.00682162 0.485447
27.9944 0.00675141 0.481655
28.1868 0.00668241 0.477924
28.3792 0.00661456 0.474239
28.5716 0.00654786 0.470608
28.764 0.00648228 0.467037
28.9564 0.00641778 0.463505
29.1488 0.00635434 0.460033
29.3412 0.00629194 0.4566
29.5336 0.00623056 0.45322
29.726 0.00617017 0.449886
29.9184 0.00611074 0.446598
30.1108 0.00605227 0.443356
30.3032 0.00599472 0.440151
30.4956 0.00593808 0.436993
30.688 0.00588232 0.43388
30.8804 0.00582743 0.430805
31.0728 0.00577339 0.427769
31.2652 0.00572018 0.424778
31.4576 0.00566779 0.421818
31.65 0.00561618 0.418903
31.8424 0.00556536 0.416019
32.0348 0.0055153 0.413181
32.2272 0.00546598 0.410374
32.4196 0.00541739 0.407597
32.612 0.00536952 0.404865
32.8044 0.00532235 0.402157
32.9968 0.00527587 0.39949
33.1892 0.00523006 0.396854
33.3816 0.00518491 0.394247
33.574 0.00514041 0.391678
33.7664 0.00509653 0.389139
33.9588 0.00505328 0.386624
34.1512 0.00501064 0.384146
34.3436 0.00496859 0.381693
34.536 0.00492713 0.379269
34.7284 0.00488624 0.376877
34.9208 0.00484592 0.374509
35.1132 0.00480614 0.372171
35.3056 0.00476691 0.369864
35.498 0.00472821 0.367575
35.6904 0.00469002 0.365317
35.8828 0.00465235 0.363089
36.0752 0.00461519 0.36088
36.2676 0.00457851 0.358694
36.46 0.00454232 0.35654
36.6524 0.0045066 0.354404
36.8448 0.00447134 0.352298
37.0372 0.00443655 0.350211
37.2296 0.0044022 0.348141
37.422 0.00436829 0.346103
37.6144 0.00433482 0.344083
37.8068 0.00430177 0.342087
37.9992 0.00426914 0.340109
38.1916 0.00423692 0.338156
38.384 0.00420511 0.336221
38.5764 0.00417369 0.334311
38.7688 0.00414266 0.332413
38.9612 0.00411201 0.330539
39.1536 0.00408174 0.32869
39.346 0.00405183 0.326852
39.5384 0.0040223 0.32504
39.7308 0.00399311 0.323239
39.9232 0.00396428 0.321463
40.1156 0.0039358 0.319699
40.308 0.00390765 0.31796
40.5004 0.00387984 0.316232
40.6928 0.00385236 0.314523
40.8852 0.0038252 0.312833
41.0776 0.00379835 0.31116
41.27 0.00377182 0.309506
41.4624 0.0037456 0.307864
41.6548 0.00371968 0.306241
41.8472 0.00369405 0.30463
42.0396 0.00366872 0.303036
42.232 0.00364368 0.301462
42.4244 0.00361892 0.299895
42.6168 0.00359444 0.298347
42.8092 0.00357024 0.296819
43.0016 0.00354631 0.295299
43.194 0.00352264 0.293797
43.3864 0.00349923 0.292305
43.5788 0.00347608 0.290831
43.7712 0.00345319 0.289366
43.9636 0.00343055 0.28792
44.156 0.00340815 0.286482
44.3484 0.00338599 0.285063
44.5408 0.00336408 0.283653
44.7332 0.0033424 0.282262
44.9256 0.00332095 0.280879
45.118 0.00329973 0.279506
45.3104 0.00327874 0.278151
45.5028 0.00325796 0.276805
45.6952 0.00323741 0.275468
45.8876 0.00321707 0.27415
46.08 0.00319694 0.272832
46.2724 0.00317702 0.271541
46.4648 0.00315731 0.27025
46.6572 0.0031378 0.268977
46.8496 0.00311849 0.267714
47.042 0.00309938 0.26646
47.2344 0.00308046 0.265215
47.4268 0.00306174 0.263979
47.6192 0.0030432 0.262761
47.8116 0.00302485 0.261552
48.004 0.00300668 0.260344
48.1964 0.0029887 0.259154
48.3888 0.00297089 0.257973
48.5812 0.00295326 0.25681
48.7736 0.0029358 0.255647
48.966 0.00291851 0.254494
49.1584 0.0029014 0.253349
49.3508 0.00288445 0.252223
49.5432 0.00286766 0.251097
49.7356 0.00285104 0.24998
49.928 0.00283457 0.248882
50.1204 0.00281827 0.247783
50.3128 0.00280212 0.246703
50.5052 0.00278612 0.245622
50.6976 0.00277028 0.244551
50.89 0.00275458 0.243489
51.0824 0.00273903 0.242436
51.2748 0.00272363 0.241393
51.4672 0.00270837 0.240358
51.6596 0.00269326 0.239333
51.852 0.00267828 0.238316
52.0444 0.00266344 0.237309
52.2368 0.00264874 0.236302
52.4292 0.00263417 0.235304
52.6216 0.00261974 0.234325
52.814 0.00260544 0.233345
53.0064 0.00259127 0.232365
53.1988 0.00257722 0.231404
53.3912 0.0025633 0.230443
53.5836 0.00254951 0.2295
53.776 0.00253584 0.228557
53.9684 0.00252229 0.227623
54.1608 0.00250886 0.226689
54.3532 0.00249555 0.225774
54.5456 0.00248236 0.224858
54.738 0.00246928 0.223952
54.9304 0.00245632 0.223045
55.1228 0.00244347 0.222148
55.3152 0.00243074 0.221269
55.5076 0.00241811 0.220381
55.7 0.00240559 0.219511
55.8924 0.00239318 0.218642
56.0848 0.00238088 0.217781
56.2772 0.00236868 0.21692
56.4696 0.00235658 0.216078
56.662 0.00234459 0.215227
56.8544 0.0023327 0.214394
57.0468 0.00232091 0.21356
57.2392 0.00230922 0.212737
57.4316 0.00229762 0.211922
57.624 0.00228612 0.211107
57.8164 0.00227472 0.210301
58.0088 0.00226342 0.209496
58.2012 0.0022522 0.208699
58.3936 0.00224108 0.207912
58.586 0.00223005 0.207124
58.7784 0.00221911 0.206346
58.9708 0.00220826 0.205568
59.1632 0.00219749 0.204799
59.3556 0.00218682 0.204039
59.548 0.00217623 0.203279
59.7404 0.00216572 0.202528
59.9328 0.0021553 0.201778
60.1252 0.00214497 0.201036
60.3176 0.00213471 0.200294
60.51 0.00212454 0.199564
60.7024 0.00211445 0.198837
60.8948 0.00210443 0.198111
61.0872 0.0020945 0.197391
61.2796 0.00208464 0.196683
61.472 0.00207486 0.195969
61.6644 0.00206516 0.195267
61.8568 0.00205553 0.194571
62.0492 0.00204598 0.193875
62.2416 0.0020365 0.193185
62.434 0.00202709 0.192496
62.6264 0.00201776 0.191818
62.8188 0.0020085 0.191141
63.0112 0.00199931 0.190469
63.2036 0.00199018 0.189798
63.396 0.00198113 0.189139
63.5884 0.00197215 0.18848
63.7808 0.00196323 0.18782
63.9732 0.00195438 0.187173
64.1656 0.0019456 0.186526
64.358 0.00193688 0.18588
64.5504 0.00192822 0.185245
64.7428 0.00191964 0.18461
64.9352 0.00191111 0.183981
65.1276 0.00190265 0.183353
65.32 0.00189425 0.18273
65.5124 0.00188591 0.182114
65.7048 0.00187763 0.181497
65.8972 0.00186942 0.180887
66.0896 0.00186126 0.180276
66.282 0.00185316 0.179672
66.4744 0.00184512 0.179074
66.6668 0.00183714 0.178476
66.8592 0.00182921 0.177884
67.0516 0.00182135 0.177298
67.244 0.00181354 0.176712
67.4364 0.00180578 0.176132
67.6288 0.00179808 0.175552
67.8212 0.00179043 0.174979
68.0136 0.00178284 0.174405
68.206 0.0017753 0.173837
68.3984 0.00176782 0.173276
68.5908 0.00176039 0.172714
68.7832 0.001753 0.172159
68.9756 0.00174568 0.171603
69.168 0.0017384 0.171054
69.3604 0.00173117 0.170505
69.5528 0.00172399 0.169962
69.7452 0.00171686 0.169418
69.9376 0.00170978 0.168881
70.13 0.00170275 0.168344
70.3224 0.00169577 0.167813
70.5148 0.00168883 0.167282
70.7072 0.00168194 0.166757
70.8996 0.0016751 0.166238
71.092 0.00166831 0.16572
71.2844 0.00166156 0.165201
71.4768 0.00165485 0.164688
71.6692 0.00164819 0.164175
71.8616 0.00164158 0.163669
72.054 0.00163501 0.163162
72.2464 0.00162848 0.162662
72.4388 0.001622 0.162161
72.6312 0.00161556 0.161667
72.8236 0.00160916 0.161172
73.016 0.0016028 0.160678
73.2084 0.00159649 0.160196
73.4008 0.00159022 0.159708
73.5932 0.00158398 0.159225
73.7856 0.00157779 0.158743
73.978 0.00157164 0.158267
74.1704 0.00156553 0.157791
74.3628 0.00155946 0.157321
74.5552 0.00155343 0.156851
74.7476 0.00154743 0.156387
74.94 0.00154148 0.155923
75.1324 0.00153556 0.15546
75.3248 0.00152968 0.155002
75.5172 0.00152384 0.154544
75.7096 0.00151803 0.154086
75.902 0.00151227 0.153635
76.0944 0.00150653 0.153189
76.2868 0.00150084 0.152737
76.4792 0.00149518 0.152298
76.6716 0.00148955 0.151852
76.864 0.00148396 0.151413
77.0564 0.00147841 0.150974
77.2488 0.00147289 0.15054
77.4412 0.00146741 0.150107
77.6336 0.00146195 0.14968
77.826 0.00145654 0.149252
78.0184 0.00145115 0.148825
78.2108 0.0014458 0.148398
78.4032 0.00144048 0.147977
78.5956 0.0014352 0.147562
78.788 0.00142994 0.147141
78.9804 0.00142472 0.146725
79.1728 0.00141953 0.146317
79.3652 0.00141437 0.145901
79.5576 0.00140924 0.145493
79.75 0.00140415 0.14509
79.9424 0.00139908 0.144681
80.1348 0.00139405 0.144278
80.3272 0.00138904 0.143881
80.5196 0.00138406 0.143484
80.712 0.00137912 0.143088
80.9044 0.0013742 0.142691
81.0968 0.00136931 0.1423
81.2892 0.00136446 0.14191
81.4816 0.00135963 0.141519
81.674 0.00135483 0.141135
81.8664 0.00135005 0.14075
82.0588 0.00134531 0.140366
82.2512 0.00134059 0.139987
82.4436 0.0013359 0.139609
82.636 0.00133124 0.13923
82.8284 0.0013266 0.138858
83.0208 0.00132199 0.138486
83.2132 0.00131741 0.138113
83.4056 0.00131285 0.137741
83.598 0.00130832 0.137375
83.7904 0.00130382 0.137009
83.9828 0.00129934 0.136649
84.1752 0.00129489 0.136282
84.3676 0.00129046 0.135922
84.56 0.00128606 0.135562
84.7524 0.00128169 0.135208
84.9448 0.00127733 0.134854
85.1372 0.00127301 0.1345
85.3296 0.0012687 0.134146
85.522 0.00126442 0.133798
85.7144 0.00126017 0.13345
85.9068 0.00125594 0.133102
86.0992 0.00125173 0.132755
86.2916 0.00124755 0.132413
86.484 0.00124339 0.132071
86.6764 0.00123925 0.131729
86.8688 0.00123513 0.131393
87.0612 0.00123104 0.131058
87.2536 0.00122697 0.130722
87.446 0.00122293 0.130386
87.6384 0.0012189 0.130051
87.8308 0.0012149 0.129721
88.0232 0.00121092 0.129391
88.2156 0.00120696 0.129068
88.408 0.00120302 0.128738
88.6004 0.0011991 0.128415
88.7928 0.00119521 0.128091
88.9852 0.00119133 0.127768
89.1776 0.00118748 0.127451
89.37 0.00118365 0.127133
89.5624 0.00117984 0.126816
89.7548 0.00117605 0.126498
89.9472 0.00117227 0.126187
90.1396 0.00116852 0.12587
90.332 0.00116479 0.125558
90.5244 0.00116108 0.125247
90.7168 0.00115739 0.124942
90.9092 0.00115372 0.124637
91.1016 0.00115006 0.124326
91.294 0.00114643 0.124026
91.4864 0.00114282 0.123721
91.6788 0.00113922 0.123416
91.8712 0.00113564 0.123117
92.0636 0.00113208 0.122818
92.256 0.00112855 0.122519
92.4484 0.00112502 0.122226
92.6408 0.00112152 0.121933
92.8332 0.00111804 0.121634
93.0256 0.00111457 0.121341
93.218 0.00111112 0.121054
93.4104 0.00110769 0.120761
93.6028 0.00110428 0.120474
93.7952 0.00110088 0.120187
93.9876 0.0010975 0.119901
94.18 0.00109414 0.119614
94.3724 0.0010908 0.119333
94.5648 0.00108747 0.119052
94.7572 0.00108416 0.118765
94.9496 0.00108087 0.118491
95.142 0.00107759 0.11821
95.3344 0.00107433 0.117929
95.5268 0.00107108 0.117654
95.7192 0.00106786 0.11738
95.9116 0.00106465 0.117105
96.104 0.00106145 0.116837
96.2964 0.00105827 0.116562
96.4888 0.00105511 0.116293
96.6812 0.00105196 0.116025
96.8736 0.00104883 0.115756
97.066 0.00104571 0.115488
97.2584 0.00104261 0.115219
97.4508 0.00103952 0.114957
97.6432 0.00103645 0.114694
97.8356 0.0010334 0.114432
98.028 0.00103036 0.114169
98.2204 0.00102733 0.113907
98.4128 0.00102432 0.113651
98.6052 0.00102132 0.113388
98.7976 0.00101834 0.113132
98.99 0.00101537 0.112875
99.1824 0.00101242 0.112619
99.3748 0.00100948 0.112369
99.5672 0.00100656 0.112112
99.7596 0.00100365 0.111862
99.952 0.00100075 0.111612
100.144 0.000997867 0.111362
100.337 0.000994998 0.111111
100.529 0.000992143 0.110867
100.722 0.000989302 0.110617
100.914 0.000986474 0.110373
101.106 0.00098366 0.110129
101.299 0.000980859 0.109885
101.491 0.000978071 0.109641
101.684 0.000975296 0.109402
101.876 0.000972535 0.109158
102.068 0.000969786 0.10892
102.261 0.000967051 0.108682
102.453 0.000964328 0.108444
102.646 0.000961618 0.108206
102.838 0.000958921 0.107968
103.03 0.000956236 0.107736
103.223 0.000953564 0.107498
103.415 0.000950904 0.107266
103.608 0.000948257 0.107034
103.8 0.000945622 0.106802
103.992 0.000942999 0.10657
104.185 0.000940388 0.106345
104.377 0.000937789 0.106113
104.57 0.000935202 0.105887
104.762 0.000932627 0.105661
104.954 0.000930064 0.105435
105.147 0.000927512 0.105209
105.339 0.000924972 0.104984
105.532 0.000922444 0.104764
105.724 0.000919927 0.104538
105.916 0.000917422 0.104318
106.109 0.000914928 0.104099
106.301 0.000912445 0.103879
106.494 0.000909973 0.103659
106.686 0.000907513 0.103439
106.878 0.000905064 0.103226
107.071 0.000902625 0.103006
107.263 0.000900198 0.102792
107.456 0.000897781 0.102579
107.648 0.000895376 0.102365
107.84 0.000892981 0.102151
108.033 0.000890596 0.101938
108.225 0.000888223 0.101724
108.418 0.000885859 0.101517
108.61 0.000883507 0.101303
108.802 0.000881164 0.101096
108.995 0.000878832 0.100888
109.187 0.00087651 0.100681
109.38 0.000874199 0.100473
109.572 0.000871897 0.100266
109.764 0.000869606 0.100058
109.957 0.000867325 0.0998566
110.149 0.000865053 0.0996552
110.342 0.000862792 0.0994476
110.534 0.00086054 0.0992462
110.726 0.000858298 0.0990448
110.919 0.000856066 0.0988434
111.111 0.000853843 0.0986481
111.304 0.000851631 0.0984467
111.496 0.000849427 0.0982452
111.688 0.000847233 0.0980499
111.881 0.000845049 0.0978546
112.073 0.000842874 0.0976593
112.266 0.000840708 0.0974579
112.458 0.000838552 0.0972687
112.65 0.000836404 0.0970734
112.843 0.000834266 0.0968781
113.035 0.000832137 0.0966827
113.228 0.000830017 0.0964935
113.42 0.000827906 0.0963043
113.612 0.000825804 0.096109
113.805 0.000823711 0.0959198
113.997 0.000821626 0.0957306
114.19 0.000819551 0.0955414
114.382 0.000817484 0.0953583
114.574 0.000815426 0.0951691
114.767 0.000813376 0.0949799
114.959 0.000811335 0.0947968
115.152 0.000809303 0.0946136
115.344 0.000807279 0.0944244
115.536 0.000805263 0.0942413
115.729 0.000803256 0.0940582
115.921 0.000801257 0.0938751
116.114 0.000799266 0.093692
116.306 0.000797284 0.093515
116.498 0.00079531 0.0933319
116.691 0.000793344 0.0931549
116.883 0.000791386 0.0929718
117.076 0.000789436 0.0927948
117.268 0.000787494 0.0926178
117.46 0.00078556 0.0924408
117.653 0.000783634 0.0922638
117.845 0.000781716 0.0920868
118.038 0.000779805 0.0919098
118.23 0.000777903 0.0917328
118.422 0.000776008 0.0915619
118.615 0.00077412 0.0913849
118.807 0.000772241 0.091214
119 0.000770369 0.0910431
119.192 0.000768504 0.0908661
119.384 0.000766647 0.0906952
119.577 0.000764798 0.0905243
119.769 0.000762956 0.0903534
119.962 0.000761121 0.0901886
120.154 0.000759294 0.0900177
120.346 0.000757474 0.0898468
120.539 0.000755661 0.089682
120.731 0.000753855 0.0895111
120.924 0.000752057 0.0893463
121.116 0.000750266 0.0891815
121.308 0.000748482 0.0890167
121.501 0.000746705 0.0888458
121.693 0.000744934 0.0886871
121.886 0.000743171 0.0885223
122.078 0.000741415 0.0883575
122.27 0.000739666 0.0881927
122.463 0.000737924 0.0880341
122.655 0.000736188 0.0878693
122.848 0.000734459 0.0877106
123.04 0.000732737 0.0875458
123.232 0.000731022 0.0873871
123.425 0.000729314 0.0872284
123.617 0.000727612 0.0870697
123.81 0.000725916 0.086911
124.002 0.000724228 0.0867523
124.194 0.000722545 0.0865936
124.387 0.00072087 0.0864349
124.579 0.0007192 0.0862823
124.772 0.000717538 0.0861237
124.964 0.000715881 0.0859711
125.156 0.000714231 0.0858124
125.349 0.000712587 0.0856598
125.541 0.00071095 0.0855072
125.734 0.000709319 0.0853546
125.926 0.000707694 0.085202
126.118 0.000706075 0.0850494
126.311 0.000704463 0.0848969
126.503 0.000702856 0.0847443
126.696 0.000701256 0.0845917
126.888 0.000699662 0.0844452
127.08 0.000698073 0.0842926
127.273 0.000696491 0.0841461
127.465 0.000694915 0.0839935
127.658 0.000693344 0.083847
127.85 0.00069178 0.0837006
128.042 0.000690221 0.083548
128.235 0.000688669 0.0834015
128.427 0.000687122 0.083255
128.62 0.000685581 0.0831085
128.812 0.000684045 0.082962
129.004 0.000682516 0.0828217
129.197 0.000680992 0.0826752
129.389 0.000679473 0.0825287
129.582 0.000677961 0.0823883
129.774 0.000676454 0.0822418
129.966 0.000674952 0.0821014
130.159 0.000673456 0.081955
130.351 0.000671966 0.0818146
130.544 0.000670481 0.0816742
130.736 0.000669001 0.0815338
130.928 0.000667527 0.0813934
131.121 0.000666059 0.0812531
131.313 0.000664595 0.0811127
131.506 0.000663138 0.0809723
131.698 0.000661685 0.0808319
131.89 0.000660238 0.0806976
132.083 0.000658796 0.0805573
132.275 0.000657359 0.080423
132.468 0.000655927 0.0802826
132.66 0.000654501 0.0801483
132.852 0.00065308 0.0800079
133.045 0.000651664 0.0798737
133.237 0.000650253 0.0797394
133.43 0.000648847 0.0796051
133.622 0.000647446 0.0794708
133.814 0.00064605 0.0793365
134.007 0.00064466 0.0792023
134.199 0.000643274 0.079068
134.392 0.000641893 0.0789337
134.584 0.000640517 0.0787994
134.776 0.000639146 0.0786713
134.969 0.00063778 0.078537
135.161 0.000636419 0.0784088
135.354 0.000635062 0.0782745
135.546 0.000633711 0.0781464
135.738 0.000632364 0.0780121
135.931 0.000631022 0.0778839
136.123 0.000629685 0.0777557
136.316 0.000628352 0.0776276
136.508 0.000627024 0.0774994
136.7 0.000625701 0.0773712
136.893 0.000624382 0.077243
137.085 0.000623068 0.0771149
137.278 0.000621759 0.0769867
137.47 0.000620454 0.0768585
137.662 0.000619154 0.0767365
137.855 0.000617858 0.0766083
138.047 0.000616567 0.0764801
138.24 0.00061528 0.076358
138.432 0.000613998 0.0762299
138.624 0.00061272 0.0761078
138.817 0.000611447 0.0759857
139.009 0.000610178 0.0758575
139.202 0.000608914 0.0757355
139.394 0.000607653 0.0756134
139.586 0.000606398 0.0754913
139.779 0.000605146 0.0753693
139.971 0.000603899 0.0752472
140.164 0.000602656 0.0751251
140.356 0.000601417 0.0750031
140.548 0.000600183 0.074881
140.741 0.000598953 0.074765
140.933 0.000597727 0.0746429
141.126 0.000596505 0.0745209
141.318 0.000595287 0.0744049
141.51 0.000594073 0.0742828
141.703 0.000592864 0.0741669
141.895 0.000591659 0.0740448
142.088 0.000590457 0.0739288
142.28 0.00058926 0.0738129
142.472 0.000588067 0.0736969
142.665 0.000586878 0.0735748
142.857 0.000585693 0.0734589
143.05 0.000584512 0.0733429
143.242 0.000583334 0.0732269
143.434 0.000582161 0.073111
143.627 0.000580992 0.072995
143.819 0.000579826 0.0728851
144.012 0.000578665 0.0727692
144.204 0.000577507 0.0726532
144.396 0.000576353 0.0725372
144.589 0.000575204 0.0724274
144.781 0.000574057 0.0723114
144.974 0.000572915 0.0722015
145.166 0.000571777 0.0720856
145.358 0.000570642 0.0719757
145.551 0.000569511 0.0718597
145.743 0.000568383 0.0717499
145.936 0.00056726 0.07164
146.128 0.00056614 0.0715302
146.32 0.000565024 0.0714142
146.513 0.000563911 0.0713043
