7.6 -0.0562631 3.05176e-06
7.7924 -0.0541511 3.05176e-06
7.9848 -0.0521684 3.05176e-06
8.1772 -0.0503042 3.05176e-06
8.3696 -0.0485488 3.05176e-06
8.562 -0.0468935 3.05176e-06
8.7544 -0.0453304 3.05176e-06
8.9468 -0.0438525 3.05176e-06
9.1392 -0.036855 1.7548
9.3316 -0.0357012 1.71003
9.524 -0.0346066 1.66773
9.7164 -0.0335669 1.62765
9.9088 -0.0325784 1.58958
10.1012 -0.0316377 1.55334
10.2936 -0.0307414 1.51876
10.486 -0.0298869 1.48573
10.6784 -0.0290712 1.45413
10.8708 -0.0282922 1.42385
11.0632 -0.0275474 1.39481
11.2556 -0.0268347 1.36693
11.448 -0.0261524 1.34012
11.6404 -0.0254986 1.31434
11.8328 -0.0248716 1.28951
12.0252 -0.02427 1.26559
12.2176 -0.0236922 1.24251
12.41 -0.0231371 1.22024
12.6024 -0.0226034 1.19873
12.7948 -0.0220899 1.17795
12.9872 -0.0215957 1.15784
13.1796 -0.0211196 1.1384
13.372 -0.0206608 1.11957
13.5644 -0.0202184 1.10133
13.7568 -0.0197916 1.08365
13.9492 -0.0193796 1.06651
14.1416 -0.0189817 1.04988
14.334 -0.0185973 1.03374
14.5264 -0.0182258 1.01807
14.7188 -0.0178664 1.00285
14.9112 -0.0175187 0.988049
15.1036 -0.0171822 0.97366
15.296 -0.0168563 0.959667
15.4884 -0.0165407 0.946056
15.6808 -0.0162347 0.932804
15.8732 -0.0159381 0.919903
16.0656 -0.0156505 0.90733
16.258 -0.0153714 0.895087
16.4504 -0.0151005 0.883153
16.6428 -0.0148374 0.871515
16.8352 -0.014582 0.860164
17.0276 -0.0143338 0.849089
17.22 -0.0140926 0.838281
17.4124 -0.013858 0.827734
17.6048 -0.0136299 0.817434
17.7972 -0.013408 0.807375
17.9896 -0.0131921 0.797543
18.182 -0.0129819 0.787936
18.3744 -0.0127773 0.778549
18.5668 -0.0125779 0.76937
18.7592 -0.0123837 0.760391
18.9516 -0.0121945 0.751608
19.144 -0.01201 0.743015
19.3364 -0.0118302 0.734604
19.5288 -0.0116548 0.726376
19.7212 -0.0114837 0.718314
19.9136 -0.0113167 0.710422
20.106 -0.0111537 0.702695
20.2984 -0.0109947 0.695116
20.4908 -0.0108394 0.687698
20.6832 -0.0106877 0.680424
20.8756 -0.0105395 0.673294
21.068 -0.0103947 0.666304
21.2604 -0.0102532 0.659446
21.4528 -0.0101149 0.652723
21.6452 -0.00997964 0.646127
21.8376 -0.0098474 0.63966
22.03 -0.00971805 0.633304
22.2224 -0.00959152 0.627072
22.4148 -0.00946771 0.620951
22.6072 -0.00934654 0.614949
22.7996 -0.00922794 0.609047
22.992 -0.00911183 0.603253
23.1844 -0.00899813 0.59756
23.3768 -0.00888678 0.591966
23.5692 -0.00877772 0.586473
23.7616 -0.00867086 0.581081
23.954 -0.00856616 0.575771
24.1464 -0.00846355 0.570552
24.3388 -0.00836298 0.565425
24.5312 -0.00826438 0.560381
24.7236 -0.0081677 0.555428
24.916 -0.0080729 0.550548
25.1084 -0.00797992 0.54575
25.3008 -0.00788871 0.541035
25.4932 -0.00779923 0.536385
25.6856 -0.00771143 0.531816
25.878 -0.00762526 0.527321
26.0704 -0.00754069 0.522899
26.2628 -0.00745767 0.518541
26.4552 -0.00737616 0.514247
26.6476 -0.00729613 0.510027
26.84 -0.00721754 0.50587
27.0324 -0.00714035 0.501768
27.2248 -0.00706452 0.497738
27.4172 -0.00699003 0.493763
27.6096 -0.00691684 0.489849
27.802 -0.00684492 0.485989
27.9944 -0.00677424 0.482189
28.1868 -0.00670477 0.478443
28.3792 -0.00663648 0.474751
28.5716 -0.00656934 0.471111
28.764 -0.00650332 0.467525
28.9564 -0.0064384 0.463993
29.1488 -0.00637456 0.460506
29.3412 -0.00631177 0.457066
29.5336 -0.00625 0.453678
29.726 -0.00618923 0.450336
29.9184 -0.00612944 0.447041
30.1108 -0.00607061 0.443783
30.3032 -0.00601272 0.440578
30.4956 -0.00595573 0.437412
30.688 -0.00589965 0.434292
30.8804 -0.00584444 0.43121
31.0728 -0.00579008 0.428165
31.2652 -0.00573657 0.425167
31.4576 -0.00568387 0.422199
31.65 -0.00563198 0.419277
31.8424 -0.00558087 0.416393
32.0348 -0.00553053 0.41354
32.2272 -0.00548094 0.410732
32.4196 -0.00543209 0.407955
32.612 -0.00538396 0.405209
32.8044 -0.00533654 0.4025
32.9968 -0.00528981 0.399826
33.1892 -0.00524376 0.397183
33.3816 -0.00519837 0.394577
33.574 -0.00515363 0.391995
33.7664 -0.00510954 0.38945
33.9588 -0.00506607 0.386935
34.1512 -0.00502321 0.384451
34.3436 -0.00498095 0.381992
34.536 -0.00493928 0.379568
34.7284 -0.00489819 0.37717
34.9208 -0.00485767 0.374796
35.1132 -0.0048177 0.372458
35.3056 -0.00477828 0.370139
35.498 -0.0047394 0.36785
35.6904 -0.00470103 0.365591
35.8828 -0.00466319 0.363351
36.0752 -0.00462585 0.361142
36.2676 -0.004589 0.358957
36.46 -0.00455264 0.356796
36.6524 -0.00451676 0.354654
36.8448 -0.00448135 0.352542
37.0372 -0.0044464 0.350449
37.2296 -0.0044119 0.348386
37.422 -0.00437785 0.346341
37.6144 -0.00434423 0.344315
37.8068 -0.00431104 0.342319
37.9992 -0.00427827 0.340335
38.1916 -0.00424591 0.338382
38.384 -0.00421396 0.336441
38.5764 -0.00418241 0.334525
38.7688 -0.00415125 0.332632
38.9612 -0.00412047 0.330753
39.1536 -0.00409008 0.328897
39.346 -0.00406005 0.32706
39.5384 -0.00403039 0.325241
39.7308 -0.00400109 0.323441
39.9232 -0.00397215 0.321658
40.1156 -0.00394355 0.319894
40.308 -0.00391529 0.318155
40.5004 -0.00388737 0.316428
40.6928 -0.00385978 0.314713
40.8852 -0.00383252 0.313022
41.0776 -0.00380557 0.311343
41.27 -0.00377894 0.309683
41.4624 -0.00375262 0.308041
41.6548 -0.0037266 0.306418
41.8472 -0.00370088 0.304807
42.0396 -0.00367546 0.303207
42.232 -0.00365033 0.301633
42.4244 -0.00362548 0.300064
42.6168 -0.00360091 0.298512
42.8092 -0.00357662 0.296983
43.0016 -0.0035526 0.295464
43.194 -0.00352885 0.293953
43.3864 -0.00350536 0.292461
43.5788 -0.00348213 0.290987
43.7712 -0.00345916 0.289522
43.9636 -0.00343644 0.288075
44.156 -0.00341396 0.286638
44.3484 -0.00339173 0.28521
44.5408 -0.00336974 0.2838
44.7332 -0.00334799 0.282408
44.9256 -0.00332647 0.281017
45.118 -0.00330518 0.279652
45.3104 -0.00328412 0.278288
45.5028 -0.00326327 0.276942
45.6952 -0.00324265 0.275606
45.8876 -0.00322225 0.274278
46.08 -0.00320206 0.272969
46.2724 -0.00318207 0.271669
46.4648 -0.0031623 0.270378
46.6572 -0.00314273 0.269106
46.8496 -0.00312336 0.267842
47.042 -0.00310419 0.266588
47.2344 -0.00308521 0.265343
47.4268 -0.00306643 0.264107
47.6192 -0.00304783 0.26288
47.8116 -0.00302943 0.261671
48.004 -0.00301121 0.260472
48.1964 -0.00299317 0.259273
48.3888 -0.00297531 0.258092
48.5812 -0.00295762 0.25692
48.7736 -0.00294011 0.255757
48.966 -0.00292278 0.254613
49.1584 -0.00290561 0.253468
49.3508 -0.00288861 0.252333
49.5432 -0.00287178 0.251207
49.7356 -0.0028551 0.250099
49.928 -0.00283859 0.248991
50.1204 -0.00282224 0.247893
50.3128 -0.00280605 0.246803
50.5052 -0.00279 0.245723
50.6976 -0.00277411 0.244661
50.89 -0.00275838 0.243599
51.0824 -0.00274279 0.242546
51.2748 -0.00272734 0.241502
51.4672 -0.00271204 0.240459
51.6596 -0.00269688 0.239433
51.852 -0.00268187 0.238417
52.0444 -0.00266699 0.237401
52.2368 -0.00265225 0.236403
52.4292 -0.00263765 0.235405
52.6216 -0.00262317 0.234416
52.814 -0.00260883 0.233437
53.0064 -0.00259462 0.232466
53.1988 -0.00258054 0.231496
53.3912 -0.00256659 0.230534
53.5836 -0.00255276 0.229591
53.776 -0.00253906 0.228648
53.9684 -0.00252547 0.227705
54.1608 -0.00251201 0.226781
54.3532 -0.00249867 0.225856
54.5456 -0.00248544 0.22494
54.738 -0.00247234 0.224034
54.9304 -0.00245934 0.223128
55.1228 -0.00244646 0.22224
55.3152 -0.00243369 0.221352
55.5076 -0.00242103 0.220464
55.7 -0.00240849 0.219594
55.8924 -0.00239605 0.218724
56.0848 -0.00238371 0.217863
56.2772 -0.00237148 0.217003
56.4696 -0.00235936 0.216151
56.662 -0.00234734 0.215309
56.8544 -0.00233542 0.214476
57.0468 -0.0023236 0.213643
57.2392 -0.00231188 0.212819
57.4316 -0.00230026 0.211995
57.624 -0.00228874 0.21118
57.8164 -0.00227731 0.210374
58.0088 -0.00226598 0.209569
58.2012 -0.00225474 0.208772
58.3936 -0.00224359 0.207985
58.586 -0.00223254 0.207198
58.7784 -0.00222157 0.206419
58.9708 -0.0022107 0.205641
59.1632 -0.00219991 0.204872
59.3556 -0.00218921 0.204103
59.548 -0.0021786 0.203343
59.7404 -0.00216807 0.202592
59.9328 -0.00215763 0.201842
60.1252 -0.00214727 0.2011
60.3176 -0.00213699 0.200359
60.51 -0.0021268 0.199631
60.7024 -0.00211668 0.198898
60.8948 -0.00210665 0.198178
61.0872 -0.00209669 0.197458
61.2796 -0.00208682 0.196744
61.472 -0.00207702 0.196036
61.6644 -0.00206729 0.195334
61.8568 -0.00205765 0.194632
62.0492 -0.00204807 0.193936
62.2416 -0.00203858 0.193246
62.434 -0.00202915 0.192557
62.6264 -0.0020198 0.191879
62.8188 -0.00201052 0.191202
63.0112 -0.0020013 0.19053
63.2036 -0.00199216 0.189859
63.396 -0.00198309 0.189194
63.5884 -0.00197409 0.188535
63.7808 -0.00196516 0.187881
63.9732 -0.00195629 0.187228
64.1656 -0.00194749 0.186581
64.358 -0.00193875 0.185941
64.5504 -0.00193008 0.1853
64.7428 -0.00192148 0.184665
64.9352 -0.00191294 0.184036
65.1276 -0.00190446 0.183408
65.32 -0.00189604 0.182785
65.5124 -0.00188769 0.182162
65.7048 -0.0018794 0.181552
65.8972 -0.00187116 0.180936
66.0896 -0.00186299 0.180331
66.282 -0.00185488 0.179727
66.4744 -0.00184682 0.179129
66.6668 -0.00183883 0.178531
66.8592 -0.00183089 0.177939
67.0516 -0.00182301 0.177347
67.244 -0.00181518 0.176761
67.4364 -0.00180741 0.176181
67.6288 -0.0017997 0.175601
67.8212 -0.00179204 0.175027
68.0136 -0.00178443 0.174454
68.206 -0.00177688 0.173886
68.3984 -0.00176938 0.173325
68.5908 -0.00176194 0.172763
68.7832 -0.00175454 0.172208
68.9756 -0.0017472 0.171652
69.168 -0.00173991 0.171097
69.3604 -0.00173267 0.170554
69.5528 -0.00172548 0.170004
69.7452 -0.00171834 0.169467
69.9376 -0.00171124 0.168924
70.13 -0.0017042 0.168393
70.3224 -0.00169721 0.167856
70.5148 -0.00169026 0.167331
70.7072 -0.00168336 0.166806
70.8996 -0.00167651 0.166281
71.092 -0.0016697 0.165762
71.2844 -0.00166294 0.165244
71.4768 -0.00165622 0.164731
71.6692 -0.00164955 0.164218
71.8616 -0.00164293 0.163712
72.054 -0.00163635 0.163205
72.2464 -0.00162981 0.162704
72.4388 -0.00162331 0.162204
72.6312 -0.00161686 0.16171
72.8236 -0.00161045 0.161215
73.016 -0.00160409 0.160721
73.2084 -0.00159776 0.160233
73.4008 -0.00159148 0.15975
73.5932 -0.00158524 0.159268
73.7856 -0.00157904 0.158786
73.978 -0.00157288 0.15831
74.1704 -0.00156676 0.157834
74.3628 -0.00156068 0.157358
74.5552 -0.00155463 0.156888
74.7476 -0.00154863 0.156424
74.94 -0.00154267 0.15596
75.1324 -0.00153674 0.155496
75.3248 -0.00153085 0.155038
75.5172 -0.001525 0.154581
75.7096 -0.00151919 0.154129
75.902 -0.00151341 0.153671
76.0944 -0.00150767 0.153226
76.2868 -0.00150196 0.15278
76.4792 -0.0014963 0.152335
76.6716 -0.00149066 0.151889
76.864 -0.00148507 0.15145
77.0564 -0.0014795 0.15101
77.2488 -0.00147398 0.150577
77.4412 -0.00146848 0.150143
77.6336 -0.00146302 0.14971
77.826 -0.0014576 0.149283
78.0184 -0.0014522 0.148856
78.2108 -0.00144685 0.148434
78.4032 -0.00144152 0.148013
78.5956 -0.00143623 0.147592
78.788 -0.00143096 0.147177
78.9804 -0.00142573 0.146762
79.1728 -0.00142054 0.146347
79.3652 -0.00141537 0.145938
79.5576 -0.00141024 0.145529
79.75 -0.00140513 0.14512
79.9424 -0.00140006 0.144717
80.1348 -0.00139502 0.144315
80.3272 -0.00139 0.143912
80.5196 -0.00138502 0.143515
80.712 -0.00138007 0.143118
80.9044 -0.00137515 0.142722
81.0968 -0.00137025 0.142331
81.2892 -0.00136539 0.14194
81.4816 -0.00136055 0.14155
81.674 -0.00135574 0.141165
81.8664 -0.00135096 0.140781
82.0588 -0.00134621 0.140396
82.2512 -0.00134149 0.140018
82.4436 -0.00133679 0.139639
82.636 -0.00133212 0.139261
82.8284 -0.00132748 0.138889
83.0208 -0.00132287 0.138516
83.2132 -0.00131828 0.138144
83.4056 -0.00131372 0.137772
83.598 -0.00130918 0.137405
83.7904 -0.00130467 0.137039
83.9828 -0.00130019 0.136673
84.1752 -0.00129573 0.136313
84.3676 -0.0012913 0.135953
84.56 -0.00128689 0.135593
84.7524 -0.00128251 0.135239
84.9448 -0.00127815 0.134879
85.1372 -0.00127382 0.134525
85.3296 -0.00126951 0.134177
85.522 -0.00126522 0.133823
85.7144 -0.00126096 0.133475
85.9068 -0.00125673 0.133127
86.0992 -0.00125251 0.132785
86.2916 -0.00124833 0.132437
86.484 -0.00124416 0.132095
86.6764 -0.00124002 0.13176
86.8688 -0.0012359 0.131418
87.0612 -0.0012318 0.131082
87.2536 -0.00122773 0.130746
87.446 -0.00122367 0.130411
87.6384 -0.00121964 0.130081
87.8308 -0.00121564 0.129752
88.0232 -0.00121165 0.129422
88.2156 -0.00120769 0.129092
88.408 -0.00120374 0.128763
88.6004 -0.00119982 0.128439
88.7928 -0.00119592 0.128116
88.9852 -0.00119204 0.127798
89.1776 -0.00118819 0.127475
89.37 -0.00118435 0.127158
89.5624 -0.00118053 0.12684
89.7548 -0.00117674 0.126523
89.9472 -0.00117296 0.126212
90.1396 -0.00116921 0.125894
90.332 -0.00116547 0.125583
90.5244 -0.00116175 0.125272
90.7168 -0.00115806 0.124966
90.9092 -0.00115438 0.124655
91.1016 -0.00115072 0.12435
91.294 -0.00114709 0.124045
91.4864 -0.00114347 0.123746
91.6788 -0.00113987 0.123441
91.8712 -0.00113629 0.123141
92.0636 -0.00113273 0.122842
92.256 -0.00112918 0.122543
92.4484 -0.00112566 0.12225
92.6408 -0.00112215 0.121951
92.8332 -0.00111866 0.121658
93.0256 -0.00111519 0.121365
93.218 -0.00111174 0.121072
93.4104 -0.0011083 0.120786
93.6028 -0.00110489 0.120499
93.7952 -0.00110149 0.120206
93.9876 -0.0010981 0.119925
94.18 -0.00109474 0.119638
94.3724 -0.00109139 0.119351
94.5648 -0.00108806 0.11907
94.7572 -0.00108475 0.11879
94.9496 -0.00108145 0.118509
95.142 -0.00107817 0.118228
95.3344 -0.00107491 0.117953
95.5268 -0.00107166 0.117679
95.7192 -0.00106843 0.117404
95.9116 -0.00106521 0.11713
96.104 -0.00106201 0.116855
96.2964 -0.00105883 0.11658
96.4888 -0.00105566 0.116312
96.6812 -0.00105251 0.116043
96.8736 -0.00104938 0.115775
97.066 -0.00104626 0.115506
97.2584 -0.00104315 0.115244
97.4508 -0.00104006 0.114975
97.6432 -0.00103699 0.114713
97.8356 -0.00103393 0.11445
98.028 -0.00103089 0.114188
98.2204 -0.00102786 0.113925
98.4128 -0.00102484 0.113669
98.6052 -0.00102184 0.113412
98.7976 -0.00101886 0.11315
98.99 -0.00101589 0.112894
99.1824 -0.00101293 0.112643
99.3748 -0.00100999 0.112387
99.5672 -0.00100706 0.112137
99.7596 -0.00100415 0.11188
99.952 -0.00100125 0.11163
100.144 -0.000998365 0.11138
100.337 -0.000995493 0.11113
100.529 -0.000992635 0.110886
100.722 -0.000989791 0.110635
100.914 -0.000986961 0.110391
101.106 -0.000984143 0.110147
101.299 -0.00098134 0.109903
101.491 -0.000978549 0.109659
101.684 -0.000975772 0.109421
101.876 -0.000973008 0.109177
102.068 -0.000970257 0.108939
102.261 -0.000967518 0.108701
102.453 -0.000964793 0.108463
102.646 -0.000962081 0.108224
102.838 -0.000959381 0.107986
103.03 -0.000956693 0.107755
103.223 -0.000954019 0.107516
103.415 -0.000951356 0.107285
103.608 -0.000948706 0.107053
103.8 -0.000946069 0.106821
103.992 -0.000943443 0.106589
104.185 -0.00094083 0.106363
104.377 -0.000938229 0.106131
104.57 -0.000935639 0.105905
104.762 -0.000933062 0.105679
104.954 -0.000930496 0.105453
105.147 -0.000927942 0.105228
105.339 -0.0009254 0.105002
105.532 -0.000922869 0.104776
105.724 -0.00092035 0.104556
105.916 -0.000917843 0.104337
106.109 -0.000915346 0.104117
106.301 -0.000912861 0.103891
106.494 -0.000910388 0.103677
106.686 -0.000907925 0.103458
106.878 -0.000905473 0.103238
107.071 -0.000903033 0.103024
107.263 -0.000900603 0.102805
107.456 -0.000898184 0.102591
107.648 -0.000895777 0.102377
107.84 -0.000893379 0.102164
108.033 -0.000890993 0.10195
108.225 -0.000888617 0.101743
108.418 -0.000886252 0.101529
108.61 -0.000883897 0.101321
108.802 -0.000881552 0.101108
108.995 -0.000879218 0.1009
109.187 -0.000876894 0.100693
109.38 -0.000874581 0.100485
109.572 -0.000872277 0.100284
109.764 -0.000869984 0.100076
109.957 -0.000867701 0.0998688
110.149 -0.000865427 0.0996674
110.342 -0.000863164 0.0994659
110.534 -0.00086091 0.0992645
110.726 -0.000858666 0.0990631
110.919 -0.000856432 0.0988617
111.111 -0.000854208 0.0986603
111.304 -0.000851993 0.0984589
111.496 -0.000849788 0.0982635
111.688 -0.000847592 0.0980621
111.881 -0.000845406 0.0978668
112.073 -0.000843229 0.0976715
112.266 -0.000841062 0.0974762
112.458 -0.000838903 0.0972809
112.65 -0.000836754 0.0970856
112.843 -0.000834614 0.0968903
113.035 -0.000832483 0.096701
113.228 -0.000830362 0.0965057
113.42 -0.000828249 0.0963165
113.612 -0.000826145 0.0961273
113.805 -0.00082405 0.0959381
113.997 -0.000821964 0.0957489
114.19 -0.000819887 0.0955597
114.382 -0.000817818 0.0953705
114.574 -0.000815758 0.0951813
114.767 -0.000813707 0.0949982
114.959 -0.000811664 0.094809
115.152 -0.00080963 0.0946259
115.344 -0.000807605 0.0944366
115.536 -0.000805587 0.0942535
115.729 -0.000803579 0.0940704
115.921 -0.000801578 0.0938873
116.114 -0.000799586 0.0937103
116.306 -0.000797602 0.0935272
116.498 -0.000795626 0.0933441
116.691 -0.000793658 0.0931671
116.883 -0.000791699 0.092984
117.076 -0.000789747 0.092807
117.268 -0.000787804 0.09263
117.46 -0.000785868 0.092453
117.653 -0.000783941 0.092276
117.845 -0.000782021 0.092099
118.038 -0.000780109 0.091922
118.23 -0.000778205 0.091745
118.422 -0.000776309 0.0915741
118.615 -0.00077442 0.0913971
118.807 -0.000772539 0.0912262
119 -0.000770665 0.0910553
119.192 -0.0007688 0.0908783
119.384 -0.000766941 0.0907074
119.577 -0.00076509 0.0905365
119.769 -0.000763247 0.0903656
119.962 -0.000761411 0.0902008
120.154 -0.000759582 0.0900299
120.346 -0.000757761 0.089859
120.539 -0.000755946 0.0896942
120.731 -0.00075414 0.0895233
120.924 -0.00075234 0.0893585
121.116 -0.000750547 0.0891937
121.308 -0.000748762 0.0890228
121.501 -0.000746983 0.088858
121.693 -0.000745212 0.0886932
121.886 -0.000743448 0.0885345
122.078 -0.00074169 0.0883698
122.27 -0.00073994 0.088205
122.463 -0.000738196 0.0880402
122.655 -0.000736459 0.0878815
122.848 -0.000734729 0.0877228
123.04 -0.000733006 0.087558
123.232 -0.000731289 0.0873993
123.425 -0.00072958 0.0872406
123.617 -0.000727876 0.0870819
123.81 -0.00072618 0.0869232
124.002 -0.00072449 0.0867645
124.194 -0.000722806 0.0866058
124.387 -0.00072113 0.0864471
124.579 -0.000719459 0.0862946
124.772 -0.000717795 0.0861359
124.964 -0.000716137 0.0859833
125.156 -0.000714486 0.0858246
125.349 -0.000712841 0.085672
125.541 -0.000711203 0.0855194
125.734 -0.00070957 0.0853668
125.926 -0.000707944 0.0852081
126.118 -0.000706324 0.0850555
126.311 -0.000704711 0.0849091
126.503 -0.000703103 0.0847565
126.696 -0.000701502 0.0846039
126.888 -0.000699906 0.0844513
127.08 -0.000698317 0.0843048
127.273 -0.000696734 0.0841522
127.465 -0.000695156 0.0840057
127.658 -0.000693585 0.0838593
127.85 -0.000692019 0.0837067
128.042 -0.00069046 0.0835602
128.235 -0.000688906 0.0834137
128.427 -0.000687358 0.0832672
128.62 -0.000685816 0.0831207
128.812 -0.000684279 0.0829742
129.004 -0.000682748 0.0828278
129.197 -0.000681224 0.0826874
129.389 -0.000679704 0.0825409
129.582 -0.000678191 0.0823944
129.774 -0.000676682 0.082254
129.966 -0.00067518 0.0821075
130.159 -0.000673683 0.0819672
130.351 -0.000672192 0.0818268
130.544 -0.000670706 0.0816864
130.736 -0.000669225 0.081546
130.928 -0.00066775 0.0813995
131.121 -0.000666281 0.0812592
131.313 -0.000664816 0.0811249
131.506 -0.000663357 0.0809845
131.698 -0.000661904 0.0808441
131.89 -0.000660456 0.0807037
132.083 -0.000659013 0.0805695
132.275 -0.000657575 0.0804291
132.468 -0.000656142 0.0802948
132.66 -0.000654715 0.0801544
132.852 -0.000653293 0.0800201
133.045 -0.000651876 0.0798859
133.237 -0.000650464 0.0797455
133.43 -0.000649057 0.0796112
133.622 -0.000647656 0.0794769
133.814 -0.000646259 0.0793427
134.007 -0.000644867 0.0792084
134.199 -0.000643481 0.0790741
134.392 -0.000642099 0.0789459
134.584 -0.000640722 0.0788116
134.776 -0.00063935 0.0786774
134.969 -0.000637983 0.0785492
135.161 -0.000636621 0.0784149
135.354 -0.000635264 0.0782867
135.546 -0.000633911 0.0781525
135.738 -0.000632564 0.0780243
135.931 -0.000631221 0.0778961
136.123 -0.000629883 0.0777618
136.316 -0.000628549 0.0776337
136.508 -0.000627221 0.0775055
136.7 -0.000625897 0.0773773
136.893 -0.000624577 0.0772491
137.085 -0.000623262 0.077121
137.278 -0.000621952 0.0769928
137.47 -0.000620647 0.0768707
137.662 -0.000619346 0.0767426
137.855 -0.000618049 0.0766144
138.047 -0.000616757 0.0764923
138.24 -0.00061547 0.0763641
138.432 -0.000614187 0.0762421
138.624 -0.000612908 0.0761139
138.817 -0.000611634 0.0759918
139.009 -0.000610364 0.0758698
139.202 -0.000609099 0.0757477
139.394 -0.000607838 0.0756195
139.586 -0.000606581 0.0754974
139.779 -0.000605329 0.0753754
139.971 -0.000604081 0.0752533
140.164 -0.000602838 0.0751312
140.356 -0.000601598 0.0750153
140.548 -0.000600363 0.0748932
140.741 -0.000599132 0.0747711
140.933 -0.000597905 0.074649
141.126 -0.000596683 0.0745331
141.318 -0.000595464 0.074411
141.51 -0.00059425 0.074295
141.703 -0.00059304 0.074173
141.895 -0.000591834 0.074057
142.088 -0.000590632 0.0739349
142.28 -0.000589434 0.073819
142.472 -0.00058824 0.073703
142.665 -0.00058705 0.073587
142.857 -0.000585864 0.0734711
143.05 -0.000584682 0.0733551
143.242 -0.000583505 0.0732391
143.434 -0.000582331 0.0731232
143.627 -0.000581161 0.0730072
143.819 -0.000579994 0.0728912
144.012 -0.000578832 0.0727753
144.204 -0.000577674 0.0726593
144.396 -0.00057652 0.0725494
144.589 -0.000575369 0.0724335
144.781 -0.000574222 0.0723175
144.974 -0.000573079 0.0722076
145.166 -0.00057194 0.0720917
145.358 -0.000570805 0.0719818
145.551 -0.000569673 0.0718719
145.743 -0.000568545 0.071756
145.936 -0.000567421 0.0716461
146.128 -0.0005663 0.0715363
146.32 -0.000565183 0.0714264
146.513 -0.00056407 0.0713165
146.705 -0.000562961 0.0712067
146.898 -0.000561855 0.0710968
147.09 -0.000560752 0.0709869
147.282 -0.000559654 0.0708771
147.475 -0.000558559 0.0707672
147.667 -0.000557467 0.0706573
147.86 -0.000556379 0.0705475
148.052 -0.000555295 0.0704437
148.244 -0.000554214 0.0703339
148.437 -0.000553136 0.070224
148.629 -0.000552062 0.0701202
148.822 -0.000550992 0.0700104
149.014 -0.000549925 0.0699066
149.206 -0.000548861 0.0697968
149.399 -0.000547801 0.069693
149.591 -0.000546745 0.0695892
149.784 -0.000545691 0.0694794
149.976 -0.000544641 0.0693756
150.168 -0.000543595 0.0692719
150.361 -0.000542551 0.0691681
150.553 -0.000541512 0.0690643
150.746 -0.000540475 0.0689606
150.938 -0.000539442 0.0688568
151.13 -0.000538412 0.0687531
151.323 -0.000537385 0.0686493
151.515 -0.000536361 0.0685455
151.708 -0.000535341 0.0684418
151.9 -0.000534324 0.068338
152.092 -0.00053331 0.0682404
152.285 -0.0005323 0.0681366
152.477 -0.000531292 0.0680328
152.67 -0.000530288 0.0679352
152.862 -0.000529287 0.0678314
153.054 -0.000528289 0.0677338
153.247 -0.000527295 0.06763
153.439 -0.000526303 0.0675323
153.632 -0.000525314 0.0674347
153.824 -0.000524329 0.0673309
154.016 -0.000523346 0.0672333
154.209 -0.000522367 0.0671356
154.401 -0.000521391 0.067038
154.594 -0.000520418 0.0669403
154.786 -0.000519447 0.0668365
154.978 -0.00051848 0.0667389
155.171 -0.000517516 0.0666412
155.363 -0.000516555 0.0665436
155.556 -0.000515597 0.066452
155.748 -0.000514641 0.0663544
155.94 -0.000513689 0.0662567
156.133 -0.00051274 0.0661591
156.325 -0.000511793 0.0660614
156.518 -0.00051085 0.0659698
156.71 -0.000509909 0.0658722
156.902 -0.000508971 0.0657745
157.095 -0.000508036 0.065683
157.287 -0.000507104 0.0655853
157.48 -0.000506175 0.0654938
157.672 -0.000505248 0.0653961
157.864 -0.000504325 0.0653046
158.057 -0.000503404 0.0652069
158.249 -0.000502486 0.0651154
158.442 -0.000501571 0.0650238
158.634 -0.000500659 0.0649261
158.826 -0.000499749 0.0648346
159.019 -0.000498842 0.064743
159.211 -0.000497938 0.0646515
159.404 -0.000497037 0.0645599
159.596 -0.000496138 0.0644684
159.788 -0.000495242 0.0643768
159.981 -0.000494349 0.0642853
160.173 -0.000493458 0.0641937
160.366 -0.00049257 0.0641022
160.558 -0.000491685 0.0640106
160.75 -0.000490802 0.0639191
160.943 -0.000489922 0.0638275
161.135 -0.000489045 0.0637421
161.328 -0.00048817 0.0636505
161.52 -0.000487298 0.063559
161.712 -0.000486429 0.0634674
161.905 -0.000485562 0.063382
162.097 -0.000484697 0.0632904
162.29 -0.000483835 0.063205
162.482 -0.000482976 0.0631134
162.674 -0.000482119 0.063028
162.867 -0.000481265 0.0629364
163.059 -0.000480413 0.062851
163.252 -0.000479564 0.0627655
163.444 -0.000478718 0.062674
163.636 -0.000477873 0.0625885
163.829 -0.000477032 0.0625031
164.021 -0.000476192 0.0624176
164.214 -0.000475356 0.062326
164.406 -0.000474521 0.0622406
164.598 -0.000473689 0.0621552
164.791 -0.00047286 0.0620697
164.983 -0.000472033 0.0619843
165.176 -0.000471208 0.0618988
165.368 -0.000470386 0.0618134
165.56 -0.000469566 0.0617279
165.753 -0.000468749 0.0616425
165.945 -0.000467934 0.061557
166.138 -0.000467121 0.0614777
166.33 -0.00046631 0.0613922
166.522 -0.000465502 0.0613068
166.715 -0.000464697 0.0612213
166.907 -0.000463893 0.061142
167.1 -0.000463092 0.0610565
167.292 -0.000462293 0.0609711
167.484 -0.000461497 0.0608917
167.677 -0.000460703 0.0608063
167.869 -0.000459911 0.0607269
168.062 -0.000459121 0.0606415
168.254 -0.000458334 0.0605621
168.446 -0.000457549 0.0604767
168.639 -0.000456766 0.0603973
168.831 -0.000455985 0.060318
169.024 -0.000455206 0.0602325
169.216 -0.00045443 0.0601532
169.408 -0.000453656 0.0600739
169.601 -0.000452884 0.0599945
169.793 -0.000452115 0.0599091
169.986 -0.000451347 0.0598297
170.178 -0.000450582 0.0597504
170.37 -0.000449819 0.059671
170.563 -0.000449058 0.0595917
170.755 -0.000448299 0.0595123
170.948 -0.000447542 0.059433
171.14 -0.000446787 0.0593536
171.332 -0.000446035 0.0592743
171.525 -0.000445285 0.0591949
171.717 -0.000444536 0.0591156
171.91 -0.00044379 0.0590363
172.102 -0.000443046 0.058963
172.294 -0.000442304 0.0588837
172.487 -0.000441564 0.0588043
172.679 -0.000440826 0.058725
172.872 -0.00044009 0.0586517
173.064 -0.000439357 0.0585724
173.256 -0.000438625 0.058493
173.449 -0.000437895 0.0584198
173.641 -0.000437167 0.0583405
173.834 -0.000436442 0.0582672
174.026 -0.000435718 0.0581879
174.218 -0.000434996 0.0581146
174.411 -0.000434277 0.0580353
174.603 -0.000433559 0.057962
174.796 -0.000432843 0.0578827
174.988 -0.00043213 0.0578094
175.18 -0.000431418 0.0577362
175.373 -0.000430708 0.0576569
175.565 -0.00043 0.0575836
175.758 -0.000429294 0.0575104
175.95 -0.00042859 0.0574371
176.142 -0.000427888 0.0573578
176.335 -0.000427188 0.0572845
176.527 -0.000426489 0.0572113
176.72 -0.000425793 0.0571381
176.912 -0.000425098 0.0570648
177.104 -0.000424406 0.0569916
177.297 -0.000423715 0.0569183
177.489 -0.000423026 0.0568451
177.682 -0.000422339 0.0567719
177.874 -0.000421654 0.0566986
178.066 -0.000420971 0.0566254
178.259 -0.000420289 0.0565521
178.451 -0.00041961 0.0564789
178.644 -0.000418932 0.0564117
178.836 -0.000418256 0.0563385
179.028 -0.000417582 0.0562653
179.221 -0.000416909 0.056192
179.413 -0.000416239 0.0561249
179.606 -0.00041557 0.0560516
179.798 -0.000414903 0.0559784
179.99 -0.000414238 0.0559113
180.183 -0.000413575 0.055838
180.375 -0.000412913 0.0557648
180.568 -0.000412253 0.0556976
180.76 -0.000411595 0.0556244
180.952 -0.000410939 0.0555573
181.145 -0.000410284 0.055484
181.337 -0.000409631 0.0554169
181.53 -0.00040898 0.0553436
181.722 -0.000408331 0.0552765
181.914 -0.000407683 0.0552094
182.107 -0.000407037 0.0551361
182.299 -0.000406393 0.055069
182.492 -0.00040575 0.0550018
182.684 -0.000405109 0.0549286
182.876 -0.00040447 0.0548615
183.069 -0.000403833 0.0547943
183.261 -0.000403197 0.0547272
183.454 -0.000402562 0.05466
183.646 -0.00040193 0.0545868
183.838 -0.000401299 0.0545197
184.031 -0.00040067 0.0544525
184.223 -0.000400042 0.0543854
184.416 -0.000399416 0.0543182
184.608 -0.000398792 0.0542511
184.8 -0.000398169 0.054184
184.993 -0.000397548 0.0541168
185.185 -0.000396929 0.0540497
185.378 -0.000396311 0.0539825
185.57 -0.000395695 0.0539154
185.762 -0.00039508 0.0538544
185.955 -0.000394467 0.0537872
186.147 -0.000393855 0.0537201
186.34 -0.000393246 0.053653
186.532 -0.000392637 0.0535858
186.724 -0.00039203 0.0535248
186.917 -0.000391425 0.0534576
187.109 -0.000390822 0.0533905
187.302 -0.00039022 0.0533234
187.494 -0.000389619 0.0532623
187.686 -0.00038902 0.0531952
187.879 -0.000388423 0.0531342
188.071 -0.000387827 0.053067
188.264 -0.000387232 0.0529999
188.456 -0.000386639 0.0529388
188.648 -0.000386048 0.0528717
188.841 -0.000385458 0.0528107
189.033 -0.00038487 0.0527435
189.226 -0.000384283 0.0526825
189.418 -0.000383697 0.0526154
189.61 -0.000383113 0.0525543
189.803 -0.000382531 0.0524933
189.995 -0.00038195 0.0524261
190.188 -0.00038137 0.0523651
190.38 -0.000380792 0.0523041
190.572 -0.000380216 0.0522369
190.765 -0.000379641 0.0521759
190.957 -0.000379067 0.0521149
191.15 -0.000378495 0.0520538
191.342 -0.000377924 0.0519928
191.534 -0.000377355 0.0519257
191.727 -0.000376787 0.0518646
191.919 -0.00037622 0.0518036
192.112 -0.000375655 0.0517426
192.304 -0.000375091 0.0516815
192.496 -0.000374529 0.0516205
192.689 -0.000373968 0.0515594
192.881 -0.000373409 0.0514984
193.074 -0.000372851 0.0514374
193.266 -0.000372294 0.0513763
193.458 -0.000371739 0.0513153
193.651 -0.000371185 0.0512543
193.843 -0.000370632 0.0511932
194.036 -0.000370081 0.0511322
194.228 -0.000369531 0.0510712
194.42 -0.000368983 0.0510101
194.613 -0.000368436 0.0509491
194.805 -0.00036789 0.0508942
194.998 -0.000367346 0.0508331
195.19 -0.000366803 0.0507721
195.382 -0.000366261 0.0507111
195.575 -0.000365721 0.0506561
195.767 -0.000365182 0.0505951
195.96 -0.000364644 0.0505341
196.152 -0.000364107 0.0504791
196.344 -0.000363572 0.0504181
196.537 -0.000363038 0.0503571
196.729 -0.000362506 0.0503021
196.922 -0.000361975 0.0502411
197.114 -0.000361445 0.0501801
197.306 -0.000360916 0.0501251
197.499 -0.000360389 0.0500641
197.691 -0.000359863 0.0500092
197.884 -0.000359338 0.0499481
198.076 -0.000358815 0.0498932
198.268 -0.000358293 0.0498322
198.461 -0.000357772 0.0497772
198.653 -0.000357252 0.0497223
198.846 -0.000356734 0.0496613
199.038 -0.000356216 0.0496063
199.23 -0.0003557 0.0495514
199.423 -0.000355186 0.0494904
199.615 -0.000354672 0.0494354
199.808 -0.00035416 0.0493805
200 -0.000353649 0.0493195
