7.6 -0.0488816 1.67229
7.7924 -0.0470412 1.62085
7.9848 -0.0453138 1.57213
8.1772 -0.04369 1.52591
8.3696 -0.0421613 1.48202
8.562 -0.04072 1.44028
8.7544 -0.0393593 1.40055
8.9468 -0.038073 1.3627
9.1392 -0.0368555 1.32659
9.3316 -0.0357017 1.29212
9.524 -0.034607 1.25917
9.7164 -0.0335674 1.22766
9.9088 -0.0325789 1.19749
10.1012 -0.0316381 1.16858
10.2936 -0.0307419 1.14087
10.486 -0.0298874 1.11427
10.6784 -0.0290718 1.08872
10.8708 -0.0282927 1.06419
11.0632 -0.0275479 1.04058
11.2556 -0.0268353 1.01786
11.448 -0.026153 0.995983
11.6404 -0.0254992 0.974911
11.8328 -0.0248722 0.954594
12.0252 -0.0242706 0.934994
12.2176 -0.0236929 0.916073
12.41 -0.0231378 0.897799
12.6024 -0.0226041 0.880146
12.7948 -0.0220906 0.863083
12.9872 -0.0215964 0.846576
13.1796 -0.0211203 0.830604
13.372 -0.0206615 0.815141
13.5644 -0.0202191 0.800165
13.7568 -0.0197923 0.785648
13.9492 -0.0193804 0.771579
14.1416 -0.0189825 0.757938
14.334 -0.0185981 0.744699
14.5264 -0.0182266 0.731851
14.7188 -0.0178673 0.719376
14.9112 -0.0175196 0.70726
15.1036 -0.0171831 0.695485
15.296 -0.0168572 0.68404
15.4884 -0.0165416 0.672915
15.6808 -0.0162357 0.66209
15.8732 -0.0159391 0.651558
16.0656 -0.0156514 0.641304
16.258 -0.0153723 0.631323
16.4504 -0.0151015 0.621603
16.6428 -0.0148385 0.612134
16.8352 -0.014583 0.602906
17.0276 -0.0143348 0.593907
17.22 -0.0140936 0.585136
17.4124 -0.0138591 0.576576
17.6048 -0.013631 0.568236
17.7972 -0.0134092 0.560088
17.9896 -0.0131933 0.552141
18.182 -0.0129831 0.544377
18.3744 -0.0127784 0.536797
18.5668 -0.0125791 0.52939
18.7592 -0.012385 0.522157
18.9516 -0.0121957 0.51508
19.144 -0.0120113 0.508168
19.3364 -0.0118314 0.501411
19.5288 -0.0116561 0.494808
19.7212 -0.011485 0.488346
19.9136 -0.011318 0.482021
20.106 -0.0111551 0.475834
20.2984 -0.010996 0.469776
20.4908 -0.0108407 0.463848
20.6832 -0.0106891 0.458042
20.8756 -0.0105409 0.452358
21.068 -0.0103961 0.446789
21.2604 -0.0102547 0.441334
21.4528 -0.0101164 0.435986
21.6452 -0.00998114 0.430744
21.8376 -0.00984892 0.42561
22.03 -0.0097196 0.420582
22.2224 -0.00959308 0.415646
22.4148 -0.00946929 0.410801
22.6072 -0.00934815 0.406055
22.7996 -0.00922957 0.401394
22.992 -0.00911348 0.396829
23.1844 -0.0089998 0.392343
23.3768 -0.00888847 0.387943
23.5692 -0.00877943 0.383621
23.7616 -0.00867259 0.379379
23.954 -0.00856791 0.375217
24.1464 -0.00846532 0.371127
24.3388 -0.00836477 0.367105
24.5312 -0.00826619 0.363162
24.7236 -0.00816954 0.359286
24.916 -0.00807476 0.355478
25.1084 -0.0079818 0.351736
25.3008 -0.00789061 0.348056
25.4932 -0.00780115 0.344443
25.6856 -0.00771337 0.340884
25.878 -0.00762723 0.337393
26.0704 -0.00754268 0.333957
26.2628 -0.00745968 0.330576
26.4552 -0.0073782 0.327249
26.6476 -0.00729819 0.323984
26.84 -0.00721962 0.320767
27.0324 -0.00714245 0.317599
27.2248 -0.00706665 0.314487
27.4172 -0.00699218 0.311423
27.6096 -0.00691901 0.308408
27.802 -0.00684712 0.305435
27.9944 -0.00677646 0.302512
28.1868 -0.00670701 0.299638
28.3792 -0.00663874 0.2968
28.5716 -0.00657162 0.294017
28.764 -0.00650563 0.291261
28.9564 -0.00644073 0.28856
29.1488 -0.00637691 0.285896
29.3412 -0.00631414 0.283269
29.5336 -0.0062524 0.280678
29.726 -0.00619165 0.278133
29.9184 -0.00613189 0.275624
30.1108 -0.00607308 0.273143
30.3032 -0.00601521 0.270708
30.4956 -0.00595825 0.2683
30.688 -0.00590219 0.265929
30.8804 -0.005847 0.263594
31.0728 -0.00579267 0.261287
31.2652 -0.00573918 0.259016
31.4576 -0.00568651 0.256783
31.65 -0.00563464 0.254567
31.8424 -0.00558355 0.252397
32.0348 -0.00553324 0.250246
32.2272 -0.00548367 0.248122
32.4196 -0.00543485 0.246034
32.612 -0.00538674 0.243974
32.8044 -0.00533935 0.241933
32.9968 -0.00529264 0.239928
33.1892 -0.00524661 0.23795
33.3816 -0.00520125 0.235991
33.574 -0.00515654 0.234059
33.7664 -0.00511247 0.232155
33.9588 -0.00506902 0.230278
34.1512 -0.00502619 0.228419
34.3436 -0.00498396 0.226588
34.536 -0.00494232 0.224785
34.7284 -0.00490125 0.223
34.9208 -0.00486076 0.221233
35.1132 -0.00482082 0.219493
35.3056 -0.00478142 0.217772
35.498 -0.00474256 0.216078
35.6904 -0.00470422 0.214394
35.8828 -0.0046664 0.212737
36.0752 -0.00462909 0.211107
36.2676 -0.00459227 0.209486
36.46 -0.00455594 0.207893
36.6524 -0.00452008 0.20631
36.8448 -0.00448469 0.204753
37.0372 -0.00444977 0.203215
37.2296 -0.0044153 0.201686
37.422 -0.00438127 0.200185
37.6144 -0.00434768 0.198697
37.8068 -0.00431451 0.197232
37.9992 -0.00428177 0.195779
38.1916 -0.00424944 0.194345
38.384 -0.00421751 0.192923
38.5764 -0.00418599 0.191519
38.7688 -0.00415486 0.190134
38.9612 -0.00412411 0.18876
39.1536 -0.00409374 0.187405
39.346 -0.00406374 0.186069
39.5384 -0.00403411 0.184744
39.7308 -0.00400484 0.183432
39.9232 -0.00397592 0.182138
40.1156 -0.00394735 0.180856
40.308 -0.00391912 0.179587
40.5004 -0.00389123 0.178329
40.6928 -0.00386367 0.17709
40.8852 -0.00383643 0.175864
41.0776 -0.00380951 0.174649
41.27 -0.00378291 0.173453
41.4624 -0.00375661 0.172263
41.6548 -0.00373062 0.171091
41.8472 -0.00370493 0.169925
42.0396 -0.00367954 0.168777
42.232 -0.00365443 0.167636
42.4244 -0.00362961 0.166507
42.6168 -0.00360507 0.165396
42.8092 -0.00358081 0.164291
43.0016 -0.00355682 0.163199
43.194 -0.00353309 0.162119
43.3864 -0.00350963 0.16105
43.5788 -0.00348643 0.159988
43.7712 -0.00346349 0.158945
43.9636 -0.0034408 0.157907
44.156 -0.00341835 0.156882
44.3484 -0.00339615 0.155862
44.5408 -0.00337419 0.154855
44.7332 -0.00335246 0.15386
44.9256 -0.00333097 0.152872
45.118 -0.00330971 0.151895
45.3104 -0.00328868 0.150931
45.5028 -0.00326787 0.149973
45.6952 -0.00324727 0.14902
45.8876 -0.0032269 0.14808
46.08 -0.00320673 0.147153
46.2724 -0.00318678 0.146231
46.4648 -0.00316704 0.145316
46.6572 -0.00314749 0.144412
46.8496 -0.00312815 0.143521
47.042 -0.00310901 0.14263
47.2344 -0.00309007 0.141751
47.4268 -0.00307131 0.140884
47.6192 -0.00305275 0.140024
47.8116 -0.00303437 0.139169
48.004 -0.00301618 0.138321
48.1964 -0.00299817 0.137485
48.3888 -0.00298034 0.136655
48.5812 -0.00296269 0.135831
48.7736 -0.00294521 0.135013
48.966 -0.0029279 0.134207
49.1584 -0.00291076 0.133408
49.3508 -0.0028938 0.132614
49.5432 -0.00287699 0.131827
49.7356 -0.00286035 0.131046
49.928 -0.00284387 0.130276
50.1204 -0.00282755 0.129507
50.3128 -0.00281138 0.128751
50.5052 -0.00279537 0.128
50.6976 -0.00277951 0.127255
50.89 -0.0027638 0.126517
51.0824 -0.00274824 0.125784
51.2748 -0.00273283 0.125058
51.4672 -0.00271756 0.124338
51.6596 -0.00270244 0.123624
51.852 -0.00268745 0.122916
52.0444 -0.00267261 0.122214
52.2368 -0.0026579 0.121518
52.4292 -0.00264332 0.120834
52.6216 -0.00262888 0.120151
52.814 -0.00261457 0.119473
53.0064 -0.0026004 0.118796
53.1988 -0.00258635 0.11813
53.3912 -0.00257242 0.117471
53.5836 -0.00255863 0.116818
53.776 -0.00254495 0.116165
53.9684 -0.0025314 0.115524
54.1608 -0.00251797 0.114883
54.3532 -0.00250466 0.114249
54.5456 -0.00249147 0.11362
54.738 -0.00247839 0.112997
54.9304 -0.00246543 0.112381
55.1228 -0.00245258 0.111771
55.3152 -0.00243984 0.11116
55.5076 -0.00242722 0.110556
55.7 -0.0024147 0.109958
55.8924 -0.00240229 0.109366
56.0848 -0.00239 0.108774
56.2772 -0.0023778 0.108194
56.4696 -0.00236571 0.107614
56.662 -0.00235372 0.107034
56.8544 -0.00234183 0.106467
57.0468 -0.00233005 0.105899
57.2392 -0.00231836 0.105338
57.4316 -0.00230677 0.104782
57.624 -0.00229528 0.104227
57.8164 -0.00228388 0.103683
58.0088 -0.00227259 0.103134
58.2012 -0.00226138 0.102597
58.3936 -0.00225027 0.10206
58.586 -0.00223924 0.101529
58.7784 -0.00222831 0.101004
58.9708 -0.00221747 0.100479
59.1632 -0.00220671 0.0999603
59.3556 -0.00219605 0.0994415
59.548 -0.00218547 0.0989288
59.7404 -0.00217498 0.0984222
59.9328 -0.00216456 0.0979218
60.1252 -0.00215424 0.0974213
60.3176 -0.002144 0.0969208
60.51 -0.00213383 0.0964325
60.7024 -0.00212375 0.0959381
60.8948 -0.00211375 0.0954559
61.0872 -0.00210383 0.0949738
61.2796 -0.00209399 0.0944916
61.472 -0.00208422 0.0940216
61.6644 -0.00207453 0.0935455
61.8568 -0.00206492 0.0930817
62.0492 -0.00205538 0.0926117
62.2416 -0.00204591 0.0921539
62.434 -0.00203653 0.0916962
62.6264 -0.00202721 0.0912384
62.8188 -0.00201796 0.0907867
63.0112 -0.00200878 0.0903412
63.2036 -0.00199967 0.0898956
63.396 -0.00199064 0.0894562
63.5884 -0.00198167 0.0890167
63.7808 -0.00197277 0.0885773
63.9732 -0.00196394 0.08815
64.1656 -0.00195517 0.0877167
64.358 -0.00194647 0.0872894
64.5504 -0.00193783 0.0868683
64.7428 -0.00192927 0.0864471
64.9352 -0.00192076 0.0860321
65.1276 -0.00191232 0.0856171
65.32 -0.00190394 0.085202
65.5124 -0.00189561 0.0847931
65.7048 -0.00188735 0.0843903
65.8972 -0.00187916 0.0839874
66.0896 -0.00187102 0.0835846
66.282 -0.00186294 0.0831879
66.4744 -0.00185492 0.0827911
66.6668 -0.00184696 0.0824005
66.8592 -0.00183906 0.0820099
67.0516 -0.00183121 0.0816193
67.244 -0.00182342 0.0812347
67.4364 -0.00181569 0.0808563
67.6288 -0.00180801 0.0804779
67.8212 -0.00180039 0.0800995
68.0136 -0.00179282 0.0797211
68.206 -0.0017853 0.0793549
68.3984 -0.00177783 0.0789825
68.5908 -0.00177042 0.0786163
68.7832 -0.00176307 0.0782501
68.9756 -0.00175576 0.07789
69.168 -0.0017485 0.0775299
69.3604 -0.0017413 0.0771698
69.5528 -0.00173415 0.0768158
69.7452 -0.00172704 0.0764618
69.9376 -0.00171998 0.0761139
70.13 -0.00171298 0.075766
70.3224 -0.00170602 0.0754181
70.5148 -0.0016991 0.0750763
70.7072 -0.00169224 0.0747345
70.8996 -0.00168542 0.0743927
71.092 -0.00167866 0.074057
71.2844 -0.00167193 0.0737213
71.4768 -0.00166525 0.0733856
71.6692 -0.00165862 0.073056
71.8616 -0.00165203 0.0727264
72.054 -0.00164548 0.072403
72.2464 -0.00163898 0.0720795
72.4388 -0.00163252 0.071756
72.6312 -0.00162611 0.0714325
72.8236 -0.00161974 0.0711151
73.016 -0.00161341 0.0707977
73.2084 -0.00160712 0.0704865
73.4008 -0.00160087 0.0701691
73.5932 -0.00159467 0.0698578
73.7856 -0.00158851 0.0695526
73.978 -0.00158238 0.0692413
74.1704 -0.0015763 0.0689362
74.3628 -0.00157025 0.0686371
74.5552 -0.00156425 0.0683319
74.7476 -0.00155828 0.0680328
74.94 -0.00155235 0.0677399
75.1324 -0.00154647 0.0674408
75.3248 -0.00154062 0.0671478
75.5172 -0.0015348 0.0668549
75.7096 -0.00152903 0.0665619
75.902 -0.00152328 0.066275
76.0944 -0.00151758 0.0659882
76.2868 -0.00151191 0.0657013
76.4792 -0.00150628 0.0654205
76.6716 -0.00150068 0.0651398
76.864 -0.00149512 0.064859
77.0564 -0.0014896 0.0645782
77.2488 -0.00148411 0.0643036
77.4412 -0.00147866 0.0640228
77.6336 -0.00147323 0.0637543
77.826 -0.00146784 0.0634796
78.0184 -0.00146249 0.0632111
78.2108 -0.00145718 0.0629364
78.4032 -0.00145188 0.062674
78.5956 -0.00144663 0.0624054
78.788 -0.0014414 0.0621429
78.9804 -0.00143621 0.0618805
79.1728 -0.00143105 0.061618
79.3652 -0.00142592 0.0613556
79.5576 -0.00142083 0.0610992
79.75 -0.00141576 0.0608429
79.9424 -0.00141073 0.0605865
80.1348 -0.00140572 0.0603302
80.3272 -0.00140075 0.06008
80.5196 -0.0013958 0.0598297
80.712 -0.00139089 0.0595795
80.9044 -0.00138601 0.0593292
81.0968 -0.00138115 0.0590851
81.2892 -0.00137632 0.0588409
81.4816 -0.00137152 0.0585968
81.674 -0.00136675 0.0583527
81.8664 -0.00136202 0.0581085
82.0588 -0.00135731 0.0578705
82.2512 -0.00135262 0.0576324
82.4436 -0.00134796 0.0573944
82.636 -0.00134333 0.0571564
82.8284 -0.00133872 0.0569244
83.0208 -0.00133415 0.0566925
83.2132 -0.0013296 0.0564606
83.4056 -0.00132508 0.0562286
83.598 -0.00132058 0.0559967
83.7904 -0.00131611 0.0557709
83.9828 -0.00131167 0.0555389
84.1752 -0.00130725 0.0553131
84.3676 -0.00130285 0.0550934
84.56 -0.00129849 0.0548676
84.7524 -0.00129415 0.0546478
84.9448 -0.00128983 0.054422
85.1372 -0.00128553 0.0542023
85.3296 -0.00128126 0.0539825
85.522 -0.00127702 0.0537689
85.7144 -0.0012728 0.0535492
85.9068 -0.0012686 0.0533356
86.0992 -0.00126443 0.0531219
86.2916 -0.00126028 0.0529083
86.484 -0.00125616 0.0526947
86.6764 -0.00125205 0.0524872
86.8688 -0.00124797 0.0522797
87.0612 -0.00124391 0.052066
87.2536 -0.00123988 0.0518585
87.446 -0.00123587 0.0516571
87.6384 -0.00123188 0.0514496
87.8308 -0.0012279 0.0512482
88.0232 -0.00122396 0.0510406
88.2156 -0.00122004 0.0508392
88.408 -0.00121613 0.0506378
88.6004 -0.00121226 0.0504364
88.7928 -0.0012084 0.0502411
88.9852 -0.00120456 0.0500397
89.1776 -0.00120074 0.0498444
89.37 -0.00119694 0.049649
89.5624 -0.00119316 0.0494537
89.7548 -0.00118941 0.0492584
89.9472 -0.00118568 0.0490692
90.1396 -0.00118196 0.0488739
90.332 -0.00117826 0.0486847
90.5244 -0.00117459 0.0484955
90.7168 -0.00117093 0.0483063
90.9092 -0.0011673 0.0481171
91.1016 -0.00116368 0.0479279
91.294 -0.00116008 0.0477448
91.4864 -0.0011565 0.0475616
91.6788 -0.00115295 0.0473724
91.8712 -0.00114941 0.0471893
92.0636 -0.00114589 0.0470062
92.256 -0.00114238 0.0468292
92.4484 -0.0011389 0.0466461
92.6408 -0.00113543 0.0464691
92.8332 -0.00113199 0.046286
93.0256 -0.00112855 0.046109
93.218 -0.00112515 0.045932
93.4104 -0.00112175 0.045755
93.6028 -0.00111837 0.0455841
93.7952 -0.00111502 0.0454071
93.9876 -0.00111167 0.0452301
94.18 -0.00110835 0.0450592
94.3724 -0.00110504 0.0448883
94.5648 -0.00110175 0.0447174
94.7572 -0.00109848 0.0445465
94.9496 -0.00109523 0.0443756
95.142 -0.00109199 0.0442108
95.3344 -0.00108877 0.0440399
95.5268 -0.00108555 0.0438751
95.7192 -0.00108237 0.0437042
95.9116 -0.0010792 0.0435394
96.104 -0.00107604 0.0433746
96.2964 -0.00107289 0.0432159
96.4888 -0.00106977 0.0430511
96.6812 -0.00106666 0.0428864
96.8736 -0.00106356 0.0427277
97.066 -0.0010605 0.0425629
97.2584 -0.00105743 0.0424042
97.4508 -0.00105438 0.0422455
97.6432 -0.00105135 0.0420868
97.8356 -0.00104834 0.0419281
98.028 -0.00104532 0.0417755
98.2204 -0.00104234 0.0416168
98.4128 -0.00103937 0.0414581
98.6052 -0.00103642 0.0413055
98.7976 -0.00103346 0.041153
98.99 -0.00103054 0.0410004
99.1824 -0.00102762 0.0408478
99.3748 -0.00102473 0.0406952
99.5672 -0.00102184 0.0405426
99.7596 -0.00101898 0.04039
99.952 -0.00101612 0.0402435
100.144 -0.00101327 0.0400909
100.337 -0.00101044 0.0399445
100.529 -0.00100762 0.039798
100.722 -0.00100482 0.0396515
100.914 -0.00100203 0.039505
101.106 -0.000999257 0.0393585
101.299 -0.000996497 0.039212
101.491 -0.000993752 0.0390656
101.684 -0.00099102 0.0389252
101.876 -0.000988303 0.0387787
102.068 -0.000985584 0.0386383
102.261 -0.000982894 0.0384979
102.453 -0.000980218 0.0383514
102.646 -0.00097754 0.0382111
102.838 -0.000974891 0.0380707
103.03 -0.00097224 0.0379364
103.223 -0.000969603 0.037796
103.415 -0.000966994 0.0376556
103.608 -0.000964383 0.0375214
103.8 -0.000961785 0.037381
103.992 -0.0009592 0.0372467
104.185 -0.000956628 0.0371124
104.377 -0.000954068 0.0369781
104.57 -0.000951538 0.0368378
104.762 -0.000948988 0.0367096
104.954 -0.000946467 0.0365753
105.147 -0.000943958 0.036441
105.339 -0.000941462 0.0363068
105.532 -0.000938978 0.0361786
105.724 -0.000936506 0.0360443
105.916 -0.000934031 0.0359161
106.109 -0.000931584 0.035788
106.301 -0.000929149 0.0356537
106.494 -0.000926709 0.0355255
106.686 -0.000924299 0.0353973
106.878 -0.000921883 0.0352692
107.071 -0.000919479 0.0351471
107.263 -0.000917104 0.0350189
107.456 -0.000914723 0.0348907
107.648 -0.000912354 0.0347687
107.84 -0.000910013 0.0346405
108.033 -0.000907667 0.0345184
108.225 -0.000905333 0.0343903
108.418 -0.000903009 0.0342682
108.61 -0.000900697 0.0341461
108.802 -0.000898396 0.034024
108.995 -0.000896106 0.033902
109.187 -0.000893828 0.0337799
109.38 -0.00089156 0.0336578
109.572 -0.000889303 0.0335419
109.764 -0.000887057 0.0334198
109.957 -0.000884804 0.0333038
110.149 -0.000882579 0.0331818
110.342 -0.000880366 0.0330658
110.534 -0.000878163 0.0329437
110.726 -0.000875952 0.0328278
110.919 -0.00087377 0.0327118
111.111 -0.00087158 0.0325958
111.304 -0.000869419 0.0324799
111.496 -0.00086725 0.0323639
111.688 -0.000865109 0.0322479
111.881 -0.00086296 0.0321381
112.073 -0.000860822 0.0320221
112.266 -0.000858712 0.0319061
112.458 -0.000856593 0.0317963
112.65 -0.000854484 0.0316803
112.843 -0.000852386 0.0315704
113.035 -0.000850296 0.0314606
113.228 -0.000848236 0.0313446
113.42 -0.000846167 0.0312347
113.612 -0.000844107 0.0311249
113.805 -0.000842057 0.031015
113.997 -0.000840016 0.0309052
114.19 -0.000837966 0.0308014
114.382 -0.000835944 0.0306915
114.574 -0.000833932 0.0305817
114.767 -0.000831929 0.0304718
114.959 -0.000829936 0.030368
115.152 -0.000827951 0.0302582
115.344 -0.000825956 0.0301544
115.536 -0.000823991 0.0300507
115.729 -0.000822034 0.0299408
115.921 -0.000820066 0.029837
116.114 -0.000818128 0.0297333
116.306 -0.000816178 0.0296295
116.498 -0.000814257 0.0295258
116.691 -0.000812325 0.029422
116.883 -0.000810422 0.0293182
117.076 -0.000808508 0.0292145
117.268 -0.000806622 0.0291107
117.46 -0.000804725 0.0290131
117.653 -0.000802836 0.0289093
117.845 -0.000800956 0.0288116
118.038 -0.000799105 0.0287079
118.23 -0.000797242 0.0286102
118.422 -0.000795387 0.0285065
118.615 -0.000793541 0.0284088
118.807 -0.000791703 0.0283112
119 -0.000789873 0.0282135
119.192 -0.000788051 0.0281158
119.384 -0.00078626 0.0280121
119.577 -0.000784454 0.0279144
119.769 -0.000782636 0.0278229
119.962 -0.000780847 0.0277252
120.154 -0.000779066 0.0276276
120.346 -0.000777293 0.0275299
120.539 -0.000775528 0.0274323
120.731 -0.000773771 0.0273407
120.924 -0.000772022 0.027243
121.116 -0.000770259 0.0271515
121.308 -0.000768525 0.0270538
121.501 -0.0007668 0.0269623
121.693 -0.000765059 0.0268707
121.886 -0.000763349 0.0267731
122.078 -0.000761646 0.0266815
122.27 -0.000759929 0.02659
122.463 -0.000758241 0.0264984
122.655 -0.000756539 0.0264069
122.848 -0.000754866 0.0263153
123.04 -0.000753179 0.0262238
123.232 -0.000751521 0.0261322
123.425 -0.000749848 0.0260406
123.617 -0.000748182 0.0259552
123.81 -0.000746547 0.0258636
124.002 -0.000744896 0.0257721
124.194 -0.000743251 0.0256866
124.387 -0.000741638 0.0255951
124.579 -0.000740008 0.0255096
124.772 -0.000738385 0.0254181
124.964 -0.000736769 0.0253326
125.156 -0.000735184 0.0252411
125.349 -0.000733583 0.0251556
125.541 -0.000731988 0.0250702
125.734 -0.0007304 0.0249847
125.926 -0.000728819 0.0248993
126.118 -0.000727245 0.0248138
126.311 -0.000725677 0.0247284
126.503 -0.000724116 0.0246429
126.696 -0.000722563 0.0245575
126.888 -0.000721015 0.024472
127.08 -0.000719475 0.0243866
127.273 -0.000717941 0.0243011
127.465 -0.000716414 0.0242157
127.658 -0.000714869 0.0241364
127.85 -0.000713355 0.0240509
128.042 -0.000711847 0.0239716
128.235 -0.000710346 0.0238861
128.427 -0.000708826 0.0238068
128.62 -0.000707338 0.0237213
128.812 -0.000705856 0.023642
129.004 -0.000704381 0.0235565
129.197 -0.000702887 0.0234772
129.389 -0.000701424 0.0233978
129.582 -0.000699942 0.0233185
129.774 -0.000698492 0.0232391
129.966 -0.000697023 0.0231598
130.159 -0.000695585 0.0230743
130.351 -0.000694153 0.022995
130.544 -0.000692702 0.0229218
130.736 -0.000691257 0.0228424
130.928 -0.000689844 0.0227631
131.121 -0.000688411 0.0226837
131.313 -0.00068701 0.0226044
131.506 -0.000685588 0.022525
131.698 -0.000684173 0.0224518
131.89 -0.00068279 0.0223724
132.083 -0.000681386 0.0222931
132.275 -0.000679988 0.0222198
132.468 -0.000678623 0.0221405
132.66 -0.000677237 0.0220673
132.852 -0.000675856 0.0219879
133.045 -0.000674482 0.0219147
133.237 -0.000673112 0.0218414
133.43 -0.000671776 0.0217621
133.622 -0.000670418 0.0216888
133.814 -0.000669066 0.0216156
134.007 -0.00066772 0.0215424
134.199 -0.000666379 0.0214691
134.392 -0.000665043 0.0213959
134.584 -0.000663713 0.0213226
134.776 -0.000662389 0.0212494
134.969 -0.00066107 0.0211761
135.161 -0.000659757 0.0211029
135.354 -0.000658449 0.0210297
135.546 -0.000657146 0.0209564
135.738 -0.000655849 0.0208832
135.931 -0.000654557 0.0208099
136.123 -0.000653242 0.0207428
136.316 -0.000651961 0.0206696
136.508 -0.000650685 0.0205963
136.7 -0.000649414 0.0205292
136.893 -0.000648149 0.0204559
137.085 -0.000646888 0.0203827
137.278 -0.000645605 0.0203156
137.47 -0.000644355 0.0202484
137.662 -0.00064311 0.0201752
137.855 -0.000641841 0.020108
138.047 -0.000640607 0.0200348
138.24 -0.000639377 0.0199677
138.432 -0.000638124 0.0199005
138.624 -0.000636905 0.0198334
138.817 -0.00063569 0.0197601
139.009 -0.000634452 0.019693
139.202 -0.000633247 0.0196259
139.394 -0.000632019 0.0195587
139.586 -0.000630824 0.0194916
139.779 -0.000629605 0.0194244
139.971 -0.00062842 0.0193573
140.164 -0.000627211 0.0192902
140.356 -0.000626036 0.019223
140.548 -0.000624836 0.0191559
140.741 -0.000623671 0.0190887
140.933 -0.00062248 0.0190277
141.126 -0.000621294 0.0189606
141.318 -0.000620143 0.0188934
141.51 -0.000618967 0.0188263
141.703 -0.000617795 0.0187653
141.895 -0.000616658 0.0186981
142.088 -0.000615495 0.018631
142.28 -0.000614337 0.0185699
142.472 -0.000613214 0.0185028
142.665 -0.000612065 0.0184418
142.857 -0.000610921 0.0183746
143.05 -0.000609781 0.0183136
143.242 -0.000608676 0.0182465
143.434 -0.000607545 0.0181854
143.627 -0.000606418 0.0181244
143.819 -0.000605296 0.0180573
144.012 -0.000604178 0.0179962
144.204 -0.000603065 0.0179352
144.396 -0.000601956 0.0178741
144.589 -0.000600851 0.0178131
144.781 -0.000599783 0.017746
144.974 -0.000598687 0.0176849
145.166 -0.000597595 0.0176239
145.358 -0.000596508 0.0175629
145.551 -0.000595425 0.0175018
145.743 -0.000594346 0.0174408
145.936 -0.000593271 0.0173798
146.128 -0.000592201 0.0173187
146.32 -0.000591134 0.0172577
146.513 -0.00059004 0.0172028
146.705 -0.000588982 0.0171417
146.898 -0.000587928 0.0170807
147.09 -0.000586878 0.0170197
147.282 -0.000585833 0.0169586
147.475 -0.000584791 0.0169037
147.667 -0.000583754 0.0168427
147.86 -0.000582721 0.0167816
148.052 -0.000581658 0.0167267
148.244 -0.000580633 0.0166656
148.437 -0.000579612 0.0166046
148.629 -0.000578595 0.0165497
148.822 -0.000577582 0.0164886
149.014 -0.000576539 0.0164337
149.206 -0.000575534 0.0163727
149.399 -0.000574532 0.0163177
149.591 -0.000573501 0.0162628
149.784 -0.000572508 0.0162018
149.976 -0.000571518 0.0161469
150.168 -0.000570498 0.0160919
150.361 -0.000569517 0.0160309
150.553 -0.000568539 0.015976
150.746 -0.00056753 0.015921
150.938 -0.00056656 0.0158661
151.13 -0.000565593 0.0158051
151.323 -0.000564596 0.0157501
151.515 -0.000563637 0.0156952
151.708 -0.000562647 0.0156403
151.9 -0.000561696 0.0155853
152.092 -0.000560713 0.0155304
152.285 -0.000559769 0.0154755
152.477 -0.000558794 0.0154205
152.67 -0.000557857 0.0153656
152.862 -0.000556889 0.0153107
153.054 -0.00055596 0.0152557
153.247 -0.000554999 0.0152008
153.439 -0.000554077 0.0151459
153.632 -0.000553123 0.0150909
153.824 -0.000552173 0.0150421
154.016 -0.000551261 0.0149872
154.209 -0.000550318 0.0149323
154.401 -0.000549414 0.0148773
154.594 -0.000548478 0.0148285
154.786 -0.000547545 0.0147736
154.978 -0.000546651 0.0147186
155.171 -0.000545725 0.0146698
155.363 -0.000544802 0.0146149
155.556 -0.000543919 0.0145599
155.748 -0.000543004 0.0145111
155.94 -0.000542091 0.0144562
156.133 -0.000541182 0.0144073
156.325 -0.000540313 0.0143524
156.518 -0.00053941 0.0143036
156.71 -0.000538511 0.0142487
156.902 -0.000537616 0.0141998
157.095 -0.00053676 0.0141449
157.287 -0.000535871 0.0140961
157.48 -0.000534985 0.0140472
157.672 -0.000534102 0.0139923
157.864 -0.000533223 0.0139435
158.057 -0.000532347 0.0138947
158.249 -0.000531474 0.0138458
158.442 -0.000530642 0.0137909
158.634 -0.000529775 0.0137421
158.826 -0.000528912 0.0136932
159.019 -0.000528052 0.0136444
159.211 -0.000527195 0.0135956
159.404 -0.000526341 0.0135406
159.596 -0.00052549 0.0134918
159.788 -0.000524643 0.013443
159.981 -0.000523798 0.0133942
160.173 -0.000522957 0.0133453
160.366 -0.000522119 0.0132965
160.558 -0.000521283 0.0132477
160.75 -0.000520451 0.0131989
160.943 -0.000519622 0.01315
161.135 -0.000518796 0.0131012
161.328 -0.000517974 0.0130524
161.52 -0.000517154 0.0130035
161.712 -0.000516337 0.0129547
161.905 -0.000515523 0.012912
162.097 -0.000514712 0.0128632
162.29 -0.000513904 0.0128143
162.482 -0.000513099 0.0127655
162.674 -0.000512297 0.0127167
162.867 -0.000511459 0.012674
163.059 -0.000510663 0.0126251
163.252 -0.00050987 0.0125763
163.444 -0.00050908 0.0125275
163.636 -0.000508292 0.0124847
163.829 -0.000507508 0.0124359
164.021 -0.000506687 0.0123932
164.214 -0.000505908 0.0123444
164.406 -0.000505132 0.0122955
164.598 -0.000504359 0.0122528
164.791 -0.000503589 0.012204
164.983 -0.000502782 0.0121613
165.176 -0.000502017 0.0121124
165.368 -0.000501256 0.0120697
165.56 -0.000500497 0.0120209
165.753 -0.000499701 0.0119781
165.945 -0.000498947 0.0119293
166.138 -0.000498197 0.0118866
166.33 -0.000497449 0.0118378
166.522 -0.000496664 0.011795
166.715 -0.000495921 0.0117523
166.907 -0.000495182 0.0117035
167.1 -0.000494404 0.0116608
167.292 -0.00049367 0.011618
167.484 -0.000492939 0.0115692
167.677 -0.000492169 0.0115265
167.869 -0.000491443 0.0114838
168.062 -0.000490679 0.011441
168.254 -0.000489958 0.0113922
168.446 -0.00048924 0.0113495
168.639 -0.000488483 0.0113068
168.831 -0.00048777 0.011264
169.024 -0.000487019 0.0112213
169.216 -0.000486311 0.0111725
169.408 -0.000485606 0.0111298
169.601 -0.000484862 0.011087
169.793 -0.000484163 0.0110443
169.986 -0.000483423 0.0110016
170.178 -0.000482729 0.0109589
170.37 -0.000481995 0.0109161
170.563 -0.000481305 0.0108734
170.755 -0.000480576 0.0108307
170.948 -0.000479892 0.010788
171.14 -0.000479168 0.0107452
171.332 -0.000478488 0.0107025
171.525 -0.000477769 0.0106598
171.717 -0.000477095 0.0106171
171.91 -0.00047638 0.0105743
172.102 -0.000475711 0.0105316
172.294 -0.000475001 0.010495
172.487 -0.000474294 0.0104523
172.679 -0.000473632 0.0104095
172.872 -0.000472929 0.0103668
173.064 -0.000472272 0.0103241
173.256 -0.000471574 0.0102814
173.449 -0.000470879 0.0102448
173.641 -0.000470229 0.010202
173.834 -0.000469538 0.0101593
174.026 -0.000468893 0.0101166
174.218 -0.000468206 0.01008
174.411 -0.000467523 0.0100372
174.603 -0.000466884 0.00999451
174.796 -0.000466205 0.00995789
174.988 -0.000465528 0.00991516
175.18 -0.000464897 0.00987244
175.373 -0.000464225 0.00983582
175.565 -0.000463554 0.00979309
175.758 -0.00046293 0.00975037
175.95 -0.000462265 0.00971375
176.142 -0.000461601 0.00967102
176.335 -0.00046094 0.0096344
176.527 -0.000460325 0.00959167
176.72 -0.000459668 0.00955505
176.912 -0.000459013 0.00951233
177.104 -0.000458361 0.00947571
177.297 -0.000457755 0.00943298
177.489 -0.000457106 0.00939636
177.682 -0.00045646 0.00935364
177.874 -0.000455817 0.00931702
178.066 -0.000455219 0.00927429
178.259 -0.00045458 0.00923767
178.451 -0.000453942 0.00919495
178.644 -0.000453307 0.00915833
178.836 -0.000452674 0.0091217
179.028 -0.000452088 0.00907898
179.221 -0.000451459 0.00904236
179.413 -0.000450832 0.00900574
179.606 -0.000450207 0.00896301
179.798 -0.000449584 0.00892639
179.99 -0.000448964 0.00888977
180.183 -0.00044839 0.00884705
180.375 -0.000447774 0.00881042
180.568 -0.000447159 0.0087738
180.76 -0.000446547 0.00873718
180.952 -0.000445936 0.00869446
181.145 -0.000445328 0.00865784
181.337 -0.000444722 0.00862122
181.53 -0.000444117 0.00858459
181.722 -0.00044356 0.00854187
181.914 -0.00044296 0.00850525
182.107 -0.000442362 0.00846863
182.299 -0.000441765 0.00843201
182.492 -0.000441171 0.00839539
182.684 -0.000440578 0.00835876
182.876 -0.000439988 0.00832214
183.069 -0.000439399 0.00827942
183.261 -0.000438812 0.0082428
183.454 -0.000438228 0.00820618
183.646 -0.000437645 0.00816956
183.838 -0.000437064 0.00813293
184.031 -0.000436485 0.00809631
184.223 -0.000435908 0.00805969
184.416 -0.000435333 0.00802307
184.608 -0.000434759 0.00798645
184.8 -0.000434188 0.00794983
184.993 -0.000433618 0.00791321
185.185 -0.000433051 0.00787659
185.378 -0.000432485 0.00783997
185.57 -0.000431921 0.00780334
185.762 -0.000431359 0.00776672
185.955 -0.000430799 0.0077301
186.147 -0.00043024 0.00769348
186.34 -0.000429683 0.00765686
186.532 -0.000429129 0.00762024
186.724 -0.000428576 0.00758362
186.917 -0.000428024 0.007547
187.109 -0.000427475 0.00751648
187.302 -0.000426927 0.00747986
187.494 -0.000426381 0.00744324
187.686 -0.000425837 0.00740662
187.879 -0.000425295 0.00737
188.071 -0.000424754 0.00733337
188.264 -0.000424216 0.00729675
188.456 -0.000423631 0.00726624
188.648 -0.000423096 0.00722961
188.841 -0.000422562 0.00719299
189.033 -0.000422031 0.00715637
189.226 -0.0004215 0.00711975
189.418 -0.000420972 0.00708923
189.61 -0.000420445 0.00705261
189.803 -0.00041992 0.00701599
189.995 -0.000419397 0.00697937
190.188 -0.000418875 0.00694275
190.38 -0.000418307 0.00691223
190.572 -0.000417789 0.00687561
190.765 -0.000417272 0.00683899
190.957 -0.000416757 0.00680847
191.15 -0.000416244 0.00677185
191.342 -0.000415732 0.00673523
191.534 -0.000415222 0.00669861
191.727 -0.000414666 0.00666809
191.919 -0.000414159 0.00663147
192.112 -0.000413653 0.00659485
192.304 -0.000413149 0.00656433
192.496 -0.000412647 0.00652771
192.689 -0.000412147 0.00649109
192.881 -0.0004116 0.00646057
193.074 -0.000411102 0.00642395
193.266 -0.000410607 0.00639343
193.458 -0.000410112 0.00635681
193.651 -0.000409619 0.00632019
193.843 -0.00040908 0.00628967
194.036 -0.000408591 0.00625305
194.228 -0.000408103 0.00622253
194.42 -0.000407616 0.00618591
194.613 -0.000407131 0.00614929
194.805 -0.000406599 0.00611877
194.998 -0.000406117 0.00608215
195.19 -0.000405636 0.00605164
195.382 -0.000405157 0.00601501
195.575 -0.000404632 0.0059845
195.767 -0.000404155 0.00594788
195.96 -0.000403681 0.00591125
196.152 -0.000403207 0.00588074
196.344 -0.000402735 0.00584412
196.537 -0.000402217 0.0058136
196.729 -0.000401748 0.00577698
196.922 -0.00040128 0.00574646
197.114 -0.000400814 0.00570984
197.306 -0.000400301 0.00567932
197.499 -0.000399838 0.0056427
197.691 -0.000399376 0.00561218
197.884 -0.000398915 0.00557556
198.076 -0.000398408 0.00554504
198.268 -0.00039795 0.00550842
198.461 -0.000397494 0.00547791
198.653 -0.000397038 0.00544128
198.846 -0.000396537 0.00541077
199.038 -0.000396084 0.00537415
199.23 -0.000395633 0.00534363
199.423 -0.000395136 0.00531311
199.615 -0.000394687 0.00527649
199.808 -0.00039424 0.00524597
200 -0.000393794 0.00520935
