7.6 0.0466035 1.7508
7.7924 0.0449276 1.7003
7.9848 0.0433494 1.65249
8.1772 0.041861 1.60715
8.3696 0.0404555 1.56411
8.562 0.0391266 1.5232
8.7544 0.0378687 1.48425
8.9468 0.0366764 1.44713
9.1392 0.0355452 1.41172
9.3316 0.0344708 1.3779
9.524 0.0334492 1.34557
9.7164 0.032477 1.31463
9.9088 0.0315508 1.285
10.1012 0.0306676 1.25659
10.2936 0.0298248 1.22933
10.486 0.0290198 1.20316
10.6784 0.0282502 1.178
10.8708 0.027514 1.15382
11.0632 0.0268091 1.13054
11.2556 0.0261337 1.10812
11.448 0.0254861 1.08652
11.6404 0.0248648 1.06569
11.8328 0.0242682 1.04559
12.0252 0.0236951 1.02618
12.2176 0.0231441 1.00743
12.41 0.0226141 0.989307
12.6024 0.022104 0.971783
12.7948 0.0216127 0.95483
12.9872 0.0211394 0.938412
13.1796 0.020683 0.922512
13.372 0.0202428 0.907108
13.5644 0.0198179 0.892169
13.7568 0.0194077 0.877687
13.9492 0.0190114 0.863632
14.1416 0.0186284 0.849981
14.334 0.018258 0.836736
14.5264 0.0178998 0.823861
14.7188 0.017553 0.811351
14.9112 0.0172173 0.799185
15.1036 0.0168922 0.78735
15.296 0.0165772 0.775839
15.4884 0.0162718 0.764639
15.6808 0.0159756 0.753732
15.8732 0.0156883 0.743106
16.0656 0.0154095 0.732755
16.258 0.0151389 0.722672
16.4504 0.0148761 0.712833
16.6428 0.0146208 0.703244
16.8352 0.0143726 0.693893
17.0276 0.0141315 0.684766
17.22 0.013897 0.675858
17.4124 0.0136688 0.667158
17.6048 0.0134469 0.658667
17.7972 0.0132309 0.650373
17.9896 0.0130206 0.642266
18.182 0.0128158 0.634346
18.3744 0.0126163 0.626607
18.5668 0.0124219 0.619034
18.7592 0.0122325 0.611632
18.9516 0.0120478 0.60439
19.144 0.0118677 0.597304
19.3364 0.0116921 0.590373
19.5288 0.0115207 0.58358
19.7212 0.0113535 0.576942
19.9136 0.0111903 0.570433
20.106 0.011031 0.564061
20.2984 0.0108754 0.557817
20.4908 0.0107234 0.551701
20.6832 0.0105749 0.545705
20.8756 0.0104298 0.539827
21.068 0.010288 0.534059
21.2604 0.0101494 0.52841
21.4528 0.0100138 0.522871
21.6452 0.00988128 0.517442
21.8376 0.00975163 0.512105
22.03 0.00962478 0.506877
22.2224 0.00950065 0.501741
22.4148 0.00937917 0.4967
22.6072 0.00926025 0.491749
22.7996 0.00914382 0.486889
22.992 0.00902981 0.482121
23.1844 0.00891815 0.477436
23.3768 0.00880877 0.472836
23.5692 0.0087016 0.468311
23.7616 0.00859659 0.463863
23.954 0.00849367 0.459499
24.1464 0.00839278 0.455204
24.3388 0.00829388 0.450985
24.5312 0.0081969 0.446842
24.7236 0.0081018 0.44276
24.916 0.00800852 0.438747
25.1084 0.00791701 0.434803
25.3008 0.00782723 0.43092
25.4932 0.00773914 0.427105
25.6856 0.00765268 0.423351
25.878 0.00756782 0.419651
26.0704 0.00748452 0.416012
26.2628 0.00740273 0.412434
26.4552 0.00732242 0.408909
26.6476 0.00724355 0.405437
26.84 0.00716609 0.402027
27.0324 0.00709 0.39866
27.2248 0.00701524 0.395346
27.4172 0.00694178 0.392081
27.6096 0.0068696 0.38887
27.802 0.00679866 0.385703
27.9944 0.00672893 0.382584
28.1868 0.00666039 0.379507
28.3792 0.006593 0.37648
28.5716 0.00652673 0.373495
28.764 0.00646157 0.370554
28.9564 0.00639749 0.367654
29.1488 0.00633446 0.364792
29.3412 0.00627245 0.361978
29.5336 0.00621145 0.359195
29.726 0.00615144 0.356454
29.9184 0.00609238 0.353751
30.1108 0.00603426 0.351089
30.3032 0.00597706 0.348459
30.4956 0.00592075 0.345865
30.688 0.00586532 0.343307
30.8804 0.00581076 0.340781
31.0728 0.00575703 0.33829
31.2652 0.00570413 0.335837
31.4576 0.00565203 0.333408
31.65 0.00560071 0.331015
31.8424 0.00555017 0.328653
32.0348 0.00550039 0.326321
32.2272 0.00545134 0.32402
32.4196 0.00540302 0.32175
32.612 0.00535541 0.319504
32.8044 0.00530849 0.317288
32.9968 0.00526225 0.315103
33.1892 0.00521669 0.312943
33.3816 0.00517177 0.310806
33.574 0.00512749 0.308701
33.7664 0.00508385 0.306619
33.9588 0.00504081 0.304562
34.1512 0.00499839 0.30253
34.3436 0.00495655 0.300528
34.536 0.00491529 0.29854
34.7284 0.0048746 0.296581
34.9208 0.00483447 0.294649
35.1132 0.00479489 0.292735
35.3056 0.00475585 0.290849
35.498 0.00471733 0.288982
35.6904 0.00467933 0.287132
35.8828 0.00464183 0.285301
36.0752 0.00460484 0.283498
36.2676 0.00456833 0.281721
36.46 0.0045323 0.279955
36.6524 0.00449674 0.278215
36.8448 0.00446165 0.276485
37.0372 0.00442701 0.274782
37.2296 0.00439281 0.273097
37.422 0.00435905 0.271431
37.6144 0.00432573 0.269783
37.8068 0.00429282 0.268153
37.9992 0.00426033 0.266542
38.1916 0.00422825 0.26494
38.384 0.00419657 0.263365
38.5764 0.00416528 0.261809
38.7688 0.00413438 0.260262
38.9612 0.00410386 0.258733
39.1536 0.00407371 0.257222
39.346 0.00404393 0.25573
39.5384 0.00401451 0.254247
39.7308 0.00398544 0.252782
39.9232 0.00395673 0.251335
40.1156 0.00392836 0.249898
40.308 0.00390032 0.248479
40.5004 0.00387262 0.247069
40.6928 0.00384524 0.245677
40.8852 0.00381818 0.244304
41.0776 0.00379144 0.24294
41.27 0.00376501 0.241594
41.4624 0.00373889 0.240257
41.6548 0.00371306 0.238939
41.8472 0.00368754 0.23763
42.0396 0.0036623 0.23633
42.232 0.00363735 0.235048
42.4244 0.00361268 0.233775
42.6168 0.00358829 0.232521
42.8092 0.00356417 0.231267
43.0016 0.00354032 0.23004
43.194 0.00351674 0.228813
43.3864 0.00349342 0.227605
43.5788 0.00347035 0.226405
43.7712 0.00344753 0.225215
43.9636 0.00342497 0.224043
44.156 0.00340265 0.222871
44.3484 0.00338057 0.221718
44.5408 0.00335873 0.220573
44.7332 0.00333712 0.219438
44.9256 0.00331575 0.218321
45.118 0.0032946 0.217204
45.3104 0.00327367 0.216106
45.5028 0.00325297 0.215007
45.6952 0.00323248 0.213927
45.8876 0.0032122 0.212856
46.08 0.00319214 0.211794
46.2724 0.00317229 0.210741
46.4648 0.00315264 0.209697
46.6572 0.00313319 0.208662
46.8496 0.00311394 0.207637
47.042 0.00309489 0.206621
47.2344 0.00307603 0.205614
47.4268 0.00305736 0.204616
47.6192 0.00303888 0.203627
47.8116 0.00302059 0.202638
48.004 0.00300247 0.201668
48.1964 0.00298454 0.200706
48.3888 0.00296679 0.199747
48.5812 0.00294921 0.198801
48.7736 0.0029318 0.197861
48.966 0.00291457 0.196927
49.1584 0.0028975 0.196005
49.3508 0.0028806 0.19509
49.5432 0.00286386 0.19418
49.7356 0.00284729 0.193277
49.928 0.00283087 0.192386
50.1204 0.00281461 0.191501
50.3128 0.00279851 0.190622
50.5052 0.00278255 0.189749
50.6976 0.00276675 0.188882
50.89 0.0027511 0.188028
51.0824 0.0027356 0.18718
51.2748 0.00272024 0.186331
51.4672 0.00270502 0.185495
51.6596 0.00268995 0.184665
51.852 0.00267501 0.183847
52.0444 0.00266021 0.183029
52.2368 0.00264555 0.182217
52.4292 0.00263102 0.181412
52.6216 0.00261663 0.180618
52.814 0.00260236 0.179825
53.0064 0.00258823 0.179037
53.1988 0.00257422 0.178262
53.3912 0.00256034 0.177487
53.5836 0.00254658 0.176724
53.776 0.00253294 0.175961
53.9684 0.00251943 0.175204
54.1608 0.00250604 0.17446
54.3532 0.00249276 0.173715
54.5456 0.0024796 0.172977
54.738 0.00246656 0.172244
54.9304 0.00245363 0.171518
55.1228 0.00244081 0.170798
55.3152 0.0024281 0.170084
55.5076 0.00241551 0.16937
55.7 0.00240302 0.168668
55.8924 0.00239064 0.167966
56.0848 0.00237837 0.16727
56.2772 0.0023662 0.16658
56.4696 0.00235413 0.165897
56.662 0.00234217 0.165219
56.8544 0.0023303 0.164542
57.0468 0.00231854 0.163876
57.2392 0.00230687 0.163211
57.4316 0.00229531 0.162552
57.624 0.00228384 0.161899
57.8164 0.00227246 0.161246
58.0088 0.00226118 0.160599
58.2012 0.00224999 0.159958
58.3936 0.00223889 0.159323
58.586 0.00222789 0.158688
58.7784 0.00221697 0.158066
58.9708 0.00220615 0.157443
59.1632 0.00219541 0.156821
59.3556 0.00218475 0.15621
59.548 0.00217419 0.1556
59.7404 0.00216371 0.15499
59.9328 0.00215331 0.154391
60.1252 0.00214299 0.153793
60.3176 0.00213276 0.153201
60.51 0.00212261 0.152609
60.7024 0.00211254 0.152029
60.8948 0.00210255 0.151443
61.0872 0.00209263 0.15087
61.2796 0.0020828 0.150296
61.472 0.00207304 0.149728
61.6644 0.00206336 0.149161
61.8568 0.00205375 0.148599
62.0492 0.00204422 0.148044
62.2416 0.00203476 0.147488
62.434 0.00202537 0.146939
62.6264 0.00201606 0.14639
62.8188 0.00200681 0.145847
63.0112 0.00199764 0.145309
63.2036 0.00198853 0.144772
63.396 0.0019795 0.144241
63.5884 0.00197053 0.14371
63.7808 0.00196163 0.143185
63.9732 0.0019528 0.142661
64.1656 0.00194404 0.142142
64.358 0.00193534 0.141629
64.5504 0.0019267 0.141116
64.7428 0.00191813 0.14061
64.9352 0.00190962 0.140103
65.1276 0.00190117 0.139603
65.32 0.00189279 0.139102
65.5124 0.00188447 0.138608
65.7048 0.0018762 0.138113
65.8972 0.001868 0.137625
66.0896 0.00185986 0.137137
66.282 0.00185178 0.136655
66.4744 0.00184375 0.136172
66.6668 0.00183579 0.135696
66.8592 0.00182788 0.13522
67.0516 0.00182003 0.13475
67.244 0.00181223 0.13428
67.4364 0.00180449 0.133817
67.6288 0.0017968 0.133353
67.8212 0.00178917 0.132895
68.0136 0.00178159 0.132437
68.206 0.00177407 0.131985
68.3984 0.00176659 0.131534
68.5908 0.00175917 0.131082
68.7832 0.00175181 0.130637
68.9756 0.00174449 0.130191
69.168 0.00173723 0.129752
69.3604 0.00173001 0.129312
69.5528 0.00172284 0.128879
69.7452 0.00171573 0.128445
69.9376 0.00170866 0.128018
70.13 0.00170164 0.127591
70.3224 0.00169467 0.127164
70.5148 0.00168775 0.126743
70.7072 0.00168087 0.126321
70.8996 0.00167404 0.1259
71.092 0.00166726 0.125485
71.2844 0.00166052 0.125076
71.4768 0.00165383 0.124667
71.6692 0.00164718 0.124258
71.8616 0.00164057 0.123849
72.054 0.00163402 0.123447
72.2464 0.0016275 0.12305
72.4388 0.00162103 0.122647
72.6312 0.0016146 0.12225
72.8236 0.00160821 0.12186
73.016 0.00160186 0.121469
73.2084 0.00159556 0.121078
73.4008 0.0015893 0.120688
73.5932 0.00158307 0.120303
73.7856 0.00157689 0.119925
73.978 0.00157075 0.11954
74.1704 0.00156465 0.119162
74.3628 0.00155859 0.118784
74.5552 0.00155257 0.118411
74.7476 0.00154658 0.118039
74.94 0.00154064 0.117673
75.1324 0.00153473 0.1173
75.3248 0.00152886 0.116934
75.5172 0.00152302 0.116574
75.7096 0.00151723 0.116208
75.902 0.00151147 0.115848
76.0944 0.00150575 0.115494
76.2868 0.00150006 0.115134
76.4792 0.00149441 0.11478
76.6716 0.00148879 0.114432
76.864 0.00148321 0.114078
77.0564 0.00147767 0.11373
77.2488 0.00147216 0.113382
77.4412 0.00146668 0.11304
77.6336 0.00146123 0.112698
77.826 0.00145582 0.112357
78.0184 0.00145045 0.112015
78.2108 0.00144511 0.111679
78.4032 0.00143979 0.111343
78.5956 0.00143452 0.111008
78.788 0.00142927 0.110678
78.9804 0.00142406 0.110349
79.1728 0.00141887 0.110019
79.3652 0.00141372 0.109689
79.5576 0.0014086 0.109366
79.75 0.00140351 0.109042
79.9424 0.00139845 0.108719
80.1348 0.00139343 0.108401
80.3272 0.00138843 0.108084
80.5196 0.00138346 0.107767
80.712 0.00137852 0.107449
80.9044 0.00137361 0.107138
81.0968 0.00136873 0.106827
81.2892 0.00136388 0.106516
81.4816 0.00135906 0.10621
81.674 0.00135426 0.105899
81.8664 0.00134949 0.105594
82.0588 0.00134476 0.105295
