7.6 0.0466332 1.01983
7.7924 0.0449585 0.983524
7.9848 0.0433815 0.949223
8.1772 0.0418944 0.916782
8.3696 0.0404901 0.886058
8.562 0.0391625 0.856916
8.7544 0.0379058 0.829258
8.9468 0.0367149 0.802967
9.1392 0.035585 0.777957
9.3316 0.0345118 0.754135
9.524 0.0334916 0.731424
9.7164 0.0325207 0.709756
9.9088 0.0315958 0.689065
10.1012 0.030714 0.669284
10.2936 0.0298726 0.650362
10.486 0.0290689 0.632247
10.6784 0.0283008 0.614885
10.8708 0.027566 0.598238
11.0632 0.0268625 0.582271
11.2556 0.0261885 0.566936
11.448 0.0255424 0.552196
11.6404 0.0249226 0.538023
11.8328 0.0243275 0.5244
12.0252 0.0237559 0.511272
12.2176 0.0232064 0.498638
12.41 0.0226779 0.486454
12.6024 0.0221693 0.474705
12.7948 0.0216796 0.463375
12.9872 0.0212077 0.452435
13.1796 0.0207529 0.441868
13.372 0.0203143 0.43166
13.5644 0.019891 0.421787
13.7568 0.0194823 0.412243
13.9492 0.0190876 0.403011
14.1416 0.0187062 0.394064
14.334 0.0183375 0.38541
14.5264 0.0179809 0.377017
14.7188 0.0176358 0.368887
14.9112 0.0173018 0.361008
15.1036 0.0169783 0.35336
15.296 0.0166649 0.345944
15.4884 0.0163612 0.338742
15.6808 0.0160667 0.331747
15.8732 0.0157812 0.324954
16.0656 0.0155041 0.318356
16.258 0.0152352 0.311935
16.4504 0.0149741 0.305698
16.6428 0.0147205 0.299629
16.8352 0.0144741 0.293733
17.0276 0.0142347 0.287984
17.22 0.014002 0.28239
17.4124 0.0137757 0.276942
17.6048 0.0135555 0.271642
17.7972 0.0133413 0.266478
17.9896 0.0131328 0.261433
18.182 0.0129298 0.256526
18.3744 0.0127321 0.251738
18.5668 0.0125396 0.247069
18.7592 0.012352 0.242509
18.9516 0.0121692 0.238069
19.144 0.011991 0.23373
19.3364 0.0118172 0.229491
19.5288 0.0116477 0.225352
19.7212 0.0114824 0.221315
19.9136 0.011321 0.217369
20.106 0.0111636 0.213506
20.2984 0.0110099 0.209743
20.4908 0.0108598 0.206053
20.6832 0.0107133 0.202446
20.8756 0.0105702 0.198923
21.068 0.0104303 0.19548
21.2604 0.0102936 0.192105
21.4528 0.01016 0.188803
21.6452 0.0100294 0.185574
21.8376 0.00990174 0.182413
22.03 0.00977689 0.179318
22.2224 0.00965474 0.176285
22.4148 0.00953524 0.173318
22.6072 0.00941835 0.170407
22.7996 0.00930391 0.167557
22.992 0.00919192 0.164761
23.1844 0.00908227 0.162027
23.3768 0.00897493 0.159341
23.5692 0.00886982 0.156711
23.7616 0.00876683 0.154129
23.954 0.00866596 0.151602
24.1464 0.00856716 0.149118
24.3388 0.0084703 0.146683
24.5312 0.0083754 0.144296
24.7236 0.00828237 0.141953
24.916 0.00819116 0.139651
25.1084 0.00810178 0.137387
25.3008 0.00801407 0.135172
25.4932 0.00792811 0.132993
25.6856 0.00784375 0.130856
25.878 0.007761 0.128757
26.0704 0.00767982 0.126694
26.2628 0.00760016 0.124661
26.4552 0.00752197 0.122672
26.6476 0.00744527 0.120712
26.84 0.00736992 0.11879
27.0324 0.00729598 0.116898
27.2248 0.00722342 0.115036
27.4172 0.00715209 0.113211
27.6096 0.00708211 0.111411
27.802 0.00701335 0.109641
27.9944 0.00694578 0.107901
28.1868 0.00687941 0.106192
28.3792 0.00681421 0.104507
28.5716 0.00675016 0.102853
28.764 0.00668717 0.101224
28.9564 0.00662533 0.0996185
29.1488 0.00656448 0.0980377
29.3412 0.00650474 0.0964813
29.5336 0.00644593 0.0949554
29.726 0.00638811 0.0934479
29.9184 0.00633131 0.0919586
30.1108 0.00627544 0.0904999
30.3032 0.00622048 0.0890594
30.4956 0.0061664 0.0876373
30.688 0.00611326 0.0862396
30.8804 0.00606089 0.0848663
31.0728 0.00600948 0.0835052
31.2652 0.00595879 0.0821686
31.4576 0.00590896 0.0808502
31.65 0.00585996 0.0795502
31.8424 0.00581169 0.0782684
32.0348 0.00576415 0.077005
32.2272 0.00571738 0.0757599
32.4196 0.00567137 0.074527
32.612 0.00562602 0.0733185
32.8044 0.0055814 0.0721222
32.9968 0.00553749 0.0709381
33.1892 0.0054942 0.0697784
33.3816 0.00545165 0.0686249
33.574 0.00540962 0.0674957
33.7664 0.00536831 0.0663727
33.9588 0.00532764 0.0652679
34.1512 0.0052875 0.0641754
34.3436 0.00524797 0.0631012
34.536 0.00520903 0.0620392
34.7284 0.00517067 0.0609894
34.9208 0.00513287 0.0599518
35.1132 0.00509563 0.0589264
35.3056 0.00505893 0.0579132
35.498 0.00502275 0.0569122
35.6904 0.0049871 0.0559235
35.8828 0.00495194 0.0549469
36.0752 0.00491738 0.0539764
36.2676 0.0048832 0.0530243
36.46 0.0048495 0.0520782
36.6524 0.00481635 0.0511444
36.8448 0.00478355 0.0502228
37.0372 0.00475129 0.0493073
37.2296 0.00471946 0.0484039
37.422 0.00468814 0.0475067
37.6144 0.00465714 0.0466217
37.8068 0.00462664 0.0457489
37.9992 0.00459652 0.0448822
38.1916 0.00456679 0.0440216
38.384 0.00453752 0.0431732
38.5764 0.00450862 0.0423309
38.7688 0.00448008 0.0415009
38.9612 0.00445198 0.0406708
39.1536 0.00442421 0.0398529
39.346 0.00439678 0.0390411
39.5384 0.00436976 0.0382355
39.7308 0.00434306 0.037442
39.9232 0.00431677 0.0366486
40.1156 0.00429077 0.0358673
40.308 0.00426516 0.0350861
40.5004 0.00423983 0.034317
40.6928 0.00421487 0.033548
40.8852 0.00419019 0.0327911
41.0776 0.00416586 0.0320343
41.27 0.00414189 0.0312836
41.4624 0.00411816 0.0305389
41.6548 0.00409477 0.0297943
41.8472 0.00407161 0.0290558
42.0396 0.00404878 0.0283234
42.232 0.00402626 0.027597
42.4244 0.00400395 0.0268707
42.6168 0.00398205 0.0261444
42.8092 0.00396034 0.0254242
43.0016 0.00393892 0.024704
43.194 0.00391768 0.0239899
43.3864 0.00389681 0.0232758
43.5788 0.00387611 0.0225616
43.7712 0.00385577 0.0218475
43.9636 0.00383557 0.0211334
44.156 0.00381572 0.0204193
44.3484 0.003796 0.0197052
44.5408 0.00377661 0.018985
44.7332 0.00375743 0.0182709
44.9256 0.00373845 0.0175446
45.118 0.00371975 0.0168182
45.3104 0.00370124 0.0160858
45.5028 0.0036829 0.0153473
45.6952 0.00366489 0.0145966
45.8876 0.00364702 0.0138397
46.08 0.00362936 0.0130646
46.2724 0.00361196 0.0122772
46.4648 0.00359472 0.0114716
46.6572 0.00357769 0.0106415
46.8496 0.00356082 0.00978088
47.042 0.00354421 0.00888367
47.2344 0.00352777 0.00793152
47.4268 0.00351153 0.00690613
47.6192 0.00349542 0.00577698
47.8116 0.00347956 0.00446472
48.004 0.00346386 0.00273132
