7.9848 0.0443206 1.68745
8.1772 0.0427656 1.63845
8.3696 0.0412995 1.59228
8.562 0.0399153 1.54867
8.7544 0.0386067 1.50739
8.9468 0.037368 1.46825
9.1392 0.0361943 1.43106
9.3316 0.0350807 1.39567
9.524 0.0340231 1.36194
9.7164 0.0330175 1.32975
9.9088 0.0320606 1.299
10.1012 0.0311489 1.2696
10.2936 0.0302797 1.24144
10.486 0.0294502 1.21445
10.6784 0.0286579 1.18856
10.8708 0.0279004 1.1637
11.0632 0.0271758 1.13981
11.2556 0.026482 1.11683
11.448 0.0258172 1.09471
11.6404 0.0251798 1.07341
11.8328 0.0245682 1.05287
12.0252 0.0239809 1.03306
12.2176 0.0234167 1.01394
12.41 0.0228742 0.99548
12.6024 0.0223524 0.977634
12.7948 0.0218501 0.960377
12.9872 0.0213664 0.943691
13.1796 0.0209002 0.927532
13.372 0.0204508 0.911884
13.5644 0.0200172 0.896728
13.7568 0.0195988 0.882027
13.9492 0.0191947 0.867779
14.1416 0.0188043 0.85395
14.334 0.018427 0.840526
14.5264 0.0180621 0.827487
14.7188 0.0177091 0.814825
14.9112 0.0173675 0.802514
15.1036 0.0170367 0.790549
15.296 0.0167163 0.778909
15.4884 0.0164058 0.767581
15.6808 0.0161048 0.756558
15.8732 0.0158128 0.745828
16.0656 0.0155296 0.735373
16.258 0.0152548 0.725186
16.4504 0.014988 0.715262
16.6428 0.0147288 0.705582
16.8352 0.014477 0.696147
17.0276 0.0142324 0.68694
17.22 0.0139945 0.677957
17.4124 0.0137632 0.669188
17.6048 0.0135382 0.660627
17.7972 0.0133193 0.652269
17.9896 0.0131062 0.644098
18.182 0.0128987 0.636119
18.3744 0.0126966 0.628321
18.5668 0.0124998 0.620695
18.7592 0.012308 0.61324
18.9516 0.0121211 0.60595
19.144 0.0119388 0.598814
19.3364 0.0117611 0.591838
19.5288 0.0115877 0.585008
19.7212 0.0114185 0.578316
19.9136 0.0112534 0.57177
20.106 0.0110923 0.565361
20.2984 0.010935 0.559081
20.4908 0.0107813 0.552928
20.6832 0.0106312 0.546895
20.8756 0.0104846 0.54099
21.068 0.0103413 0.535194
21.2604 0.0102013 0.529509
21.4528 0.0100643 0.523943
21.6452 0.00993046 0.518477
21.8376 0.00979952 0.513121
22.03 0.00967142 0.507857
22.2224 0.0095461 0.502702
22.4148 0.00942346 0.497639
22.6072 0.00930342 0.492664
22.7996 0.00918591 0.487782
22.992 0.00907085 0.48299
23.1844 0.00895818 0.478283
23.3768 0.00884781 0.47366
23.5692 0.0087397 0.46912
23.7616 0.00863377 0.464657
23.954 0.00852996 0.46027
24.1464 0.00842822 0.455959
24.3388 0.00832848 0.451717
24.5312 0.0082307 0.447552
24.7236 0.00813481 0.443462
24.916 0.00804077 0.439434
25.1084 0.00794853 0.435474
25.3008 0.00785804 0.431576
25.4932 0.00776925 0.427746
25.6856 0.00768213 0.423977
25.878 0.00759662 0.420261
26.0704 0.00751268 0.416615
26.2628 0.00743028 0.413021
26.4552 0.00734937 0.409481
26.6476 0.00726993 0.406002
26.84 0.0071919 0.402576
27.0324 0.00711526 0.399197
27.2248 0.00703997 0.395877
27.4172 0.006966 0.392599
27.6096 0.00689331 0.389377
27.802 0.00682189 0.386197
27.9944 0.00675168 0.383072
28.1868 0.00668267 0.37999
28.3792 0.00661483 0.37695
28.5716 0.00654813 0.373953
28.764 0.00648255 0.371005
28.9564 0.00641805 0.368094
29.1488 0.00635461 0.365225
29.3412 0.00629221 0.362399
29.5336 0.00623083 0.359616
29.726 0.00617044 0.356863
29.9184 0.00611102 0.354153
30.1108 0.00605254 0.35148
30.3032 0.00599499 0.348843
30.4956 0.00593835 0.346243
30.688 0.0058826 0.34368
30.8804 0.00582771 0.341147
31.0728 0.00577367 0.338651
31.2652 0.00572046 0.336191
31.4576 0.00566806 0.333755
31.65 0.00561646 0.331357
31.8424 0.00556564 0.328989
32.0348 0.00551557 0.326651
32.2272 0.00546626 0.324344
32.4196 0.00541767 0.322067
32.612 0.0053698 0.319815
32.8044 0.00532263 0.317599
32.9968 0.00527615 0.315402
33.1892 0.00523034 0.313242
33.3816 0.00518519 0.311099
33.574 0.00514069 0.308987
33.7664 0.00509681 0.3069
33.9588 0.00505356 0.304843
34.1512 0.00501092 0.302805
34.3436 0.00496887 0.300797
34.536 0.00492741 0.298805
34.7284 0.00488652 0.296846
34.9208 0.0048462 0.294905
35.1132 0.00480643 0.292992
35.3056 0.00476719 0.291096
35.498 0.00472849 0.28922
35.6904 0.00469031 0.28737
35.8828 0.00465264 0.285548
36.0752 0.00461547 0.283736
36.2676 0.0045788 0.28195
36.46 0.0045426 0.280183
36.6524 0.00450688 0.278435
36.8448 0.00447163 0.276714
37.0372 0.00443684 0.275002
37.2296 0.00440249 0.273317
37.422 0.00436858 0.271642
37.6144 0.00433511 0.269994
37.8068 0.00430206 0.268355
37.9992 0.00426943 0.266743
38.1916 0.00423721 0.265141
38.384 0.0042054 0.263567
38.5764 0.00417398 0.262001
38.7688 0.00414295 0.260454
38.9612 0.0041123 0.258925
39.1536 0.00408203 0.257405
39.346 0.00405213 0.255913
39.5384 0.00402259 0.25443
39.7308 0.00399341 0.252956
39.9232 0.00396458 0.251509
40.1156 0.00393609 0.250072
40.308 0.00390795 0.248653
40.5004 0.00388013 0.247243
40.6928 0.00385265 0.245851
40.8852 0.00382549 0.244469
41.0776 0.00379865 0.243105
41.27 0.00377212 0.241759
41.4624 0.00374589 0.240413
41.6548 0.00371997 0.239095
41.8472 0.00369435 0.237785
42.0396 0.00366902 0.236485
42.232 0.00364398 0.235194
42.4244 0.00361922 0.233922
42.6168 0.00359474 0.232668
42.8092 0.00357054 0.231413
43.0016 0.0035466 0.230177
43.194 0.00352294 0.22896
43.3864 0.00349953 0.227742
43.5788 0.00347638 0.226543
43.7712 0.00345349 0.225352
43.9636 0.00343085 0.224171
44.156 0.00340845 0.223009
44.3484 0.0033863 0.221846
44.5408 0.00336438 0.220702
44.7332 0.0033427 0.219566
44.9256 0.00332125 0.218449
45.118 0.00330003 0.217332
45.3104 0.00327904 0.216225
45.5028 0.00325827 0.215135
45.6952 0.00323771 0.214055
45.8876 0.00321737 0.212975
46.08 0.00319725 0.211913
46.2724 0.00317733 0.21086
46.4648 0.00315762 0.209816
46.6572 0.00313811 0.208772
46.8496 0.0031188 0.207747
47.042 0.00309969 0.206731
47.2344 0.00308077 0.205724
47.4268 0.00306204 0.204726
47.6192 0.00304351 0.203737
47.8116 0.00302516 0.202748
48.004 0.00300699 0.201778
48.1964 0.002989 0.200807
48.3888 0.0029712 0.19985
48.5812 0.00295357 0.198904
48.7736 0.00293611 0.197964
48.966 0.00291882 0.197031
49.1584 0.00290171 0.196103
49.3508 0.00288476 0.195187
49.5432 0.00286797 0.194278
49.7356 0.00285135 0.193375
49.928 0.00283488 0.192484
50.1204 0.00281858 0.191592
50.3128 0.00280243 0.190714
50.5052 0.00278643 0.189841
50.6976 0.00277059 0.188974
50.89 0.00275489 0.18812
51.0824 0.00273934 0.187265
51.2748 0.00272394 0.186423
51.4672 0.00270868 0.185587
51.6596 0.00269357 0.184756
51.852 0.00267859 0.183932
52.0444 0.00266376 0.183115
52.2368 0.00264905 0.182303
52.4292 0.00263449 0.181497
52.6216 0.00262005 0.180698
52.814 0.00260575 0.179904
53.0064 0.00259158 0.179123
53.1988 0.00257754 0.178342
53.3912 0.00256362 0.177567
53.5836 0.00254983 0.176804
53.776 0.00253616 0.176041
53.9684 0.00252261 0.175284
54.1608 0.00250918 0.174533
54.3532 0.00249587 0.173788
54.5456 0.00248268 0.17305
54.738 0.0024696 0.172318
54.9304 0.00245664 0.171591
55.1228 0.00244379 0.170871
55.3152 0.00243106 0.170151
55.5076 0.00241843 0.169443
55.7 0.00240591 0.168735
55.8924 0.0023935 0.168039
56.0848 0.0023812 0.167343
56.2772 0.002369 0.166653
56.4696 0.0023569 0.165964
56.662 0.00234491 0.165286
56.8544 0.00233302 0.164609
57.0468 0.00232123 0.163943
57.2392 0.00230954 0.163278
57.4316 0.00229794 0.162613
57.624 0.00228645 0.16196
57.8164 0.00227504 0.161307
58.0088 0.00226374 0.160666
58.2012 0.00225252 0.160019
58.3936 0.0022414 0.159384
58.586 0.00223037 0.158755
58.7784 0.00221943 0.158127
58.9708 0.00220858 0.157504
59.1632 0.00219782 0.156882
59.3556 0.00218714 0.156265
59.548 0.00217655 0.155655
59.7404 0.00216605 0.155051
59.9328 0.00215563 0.154446
60.1252 0.00214529 0.153848
60.3176 0.00213504 0.153256
60.51 0.00212487 0.15267
60.7024 0.00211477 0.152084
60.8948 0.00210476 0.151498
61.0872 0.00209483 0.150925
61.2796 0.00208497 0.150351
61.472 0.00207519 0.149777
61.6644 0.00206549 0.149216
61.8568 0.00205586 0.148654
62.0492 0.00204631 0.148093
62.2416 0.00203683 0.147537
62.434 0.00202742 0.146988
62.6264 0.00201809 0.146439
62.8188 0.00200883 0.145895
63.0112 0.00199964 0.145358
63.2036 0.00199051 0.144821
63.396 0.00198146 0.14429
63.5884 0.00197248 0.143759
63.7808 0.00196356 0.143234
63.9732 0.00195471 0.142709
64.1656 0.00194593 0.142191
64.358 0.00193721 0.141678
64.5504 0.00192856 0.141165
64.7428 0.00191997 0.140652
64.9352 0.00191144 0.140152
65.1276 0.00190298 0.139645
65.32 0.00189458 0.139145
65.5124 0.00188624 0.138651
65.7048 0.00187797 0.138156
65.8972 0.00186975 0.137668
66.0896 0.00186159 0.13718
66.282 0.00185349 0.136697
66.4744 0.00184545 0.136215
66.6668 0.00183747 0.135739
66.8592 0.00182955 0.135263
67.0516 0.00182168 0.134793
67.244 0.00181387 0.134323
67.4364 0.00180612 0.133859
67.6288 0.00179842 0.133395
67.8212 0.00179077 0.132938
68.0136 0.00178318 0.13248
68.206 0.00177564 0.132022
68.3984 0.00176816 0.13157
68.5908 0.00176072 0.131125
68.7832 0.00175334 0.130673
68.9756 0.00174601 0.130234
69.168 0.00173873 0.129794
69.3604 0.00173151 0.129355
69.5528 0.00172433 0.128915
69.7452 0.0017172 0.128482
69.9376 0.00171012 0.128055
70.13 0.00170309 0.127628
70.3224 0.00169611 0.1272
70.5148 0.00168917 0.126779
