7.6 -0.0551124 3.05176e-06
7.7924 -0.0530839 3.05176e-06
7.9848 -0.0443204 2.34581
8.1772 -0.0427655 2.28178
8.3696 -0.0412993 2.22126
8.562 -0.0399151 2.16393
8.7544 -0.0386065 2.10951
8.9468 -0.0373679 2.05776
9.1392 -0.0361941 2.0085
9.3316 -0.0350805 1.96151
9.524 -0.0340229 1.91665
9.7164 -0.0330173 1.87377
9.9088 -0.0320604 1.83272
10.1012 -0.0311487 1.7934
10.2936 -0.0302795 1.7557
10.486 -0.02945 1.71951
10.6784 -0.0286577 1.68474
10.8708 -0.0279002 1.65131
11.0632 -0.0271756 1.61914
11.2556 -0.0264818 1.58817
11.448 -0.025817 1.55832
11.6404 -0.0251796 1.52953
11.8328 -0.0245679 1.50175
12.0252 -0.0239807 1.47493
12.2176 -0.0234165 1.44902
12.41 -0.022874 1.42397
12.6024 -0.0223522 1.39974
12.7948 -0.0218499 1.37629
12.9872 -0.0213662 1.35358
13.1796 -0.0209 1.33157
13.372 -0.0204506 1.31025
13.5644 -0.020017 1.28957
13.7568 -0.0195985 1.26951
13.9492 -0.0191945 1.25004
14.1416 -0.0188041 1.23112
14.334 -0.0184268 1.21275
14.5264 -0.0180619 1.19491
14.7188 -0.0177089 1.17755
14.9112 -0.0173673 1.16066
15.1036 -0.0170365 1.14425
15.296 -0.016716 1.12826
15.4884 -0.0164055 1.1127
15.6808 -0.0161045 1.09754
15.8732 -0.0158126 1.08277
16.0656 -0.0155294 1.06837
16.258 -0.0152545 1.05434
16.4504 -0.0149877 1.04065
16.6428 -0.0147286 1.0273
16.8352 -0.0144768 1.01427
17.0276 -0.0142321 1.00155
17.22 -0.0139943 0.98914
17.4124 -0.013763 0.977009
17.6048 -0.013538 0.965168
17.7972 -0.013319 0.953587
17.9896 -0.0131059 0.942272
18.182 -0.0128985 0.931217
18.3744 -0.0126964 0.920399
18.5668 -0.0124996 0.909817
18.7592 -0.0123077 0.899468
18.9516 -0.0121208 0.88934
19.144 -0.0119385 0.879425
19.3364 -0.0117608 0.869722
19.5288 -0.0115874 0.860212
19.7212 -0.0114183 0.850908
19.9136 -0.0112532 0.84179
20.106 -0.011092 0.832856
20.2984 -0.0109347 0.824102
20.4908 -0.0107811 0.815519
20.6832 -0.010631 0.8071
20.8756 -0.0104844 0.798849
21.068 -0.0103411 0.790762
21.2604 -0.010201 0.782822
21.4528 -0.0100641 0.775034
21.6452 -0.00993019 0.767392
21.8376 -0.00979925 0.759897
22.03 -0.00967115 0.752536
22.2224 -0.00954583 0.745303
22.4148 -0.00942319 0.738211
22.6072 -0.00930315 0.731241
22.7996 -0.00918564 0.724393
22.992 -0.00907058 0.717673
23.1844 -0.0089579 0.711063
23.3768 -0.00884754 0.704568
23.5692 -0.00873942 0.698192
23.7616 -0.00863349 0.691917
23.954 -0.00852969 0.685754
24.1464 -0.00842794 0.679687
24.3388 -0.0083282 0.673727
24.5312 -0.00823042 0.667863
24.7236 -0.00813453 0.662095
24.916 -0.00804049 0.656424
25.1084 -0.00794825 0.650843
25.3008 -0.00785776 0.645347
25.4932 -0.00776897 0.639943
25.6856 -0.00768184 0.634623
25.878 -0.00759633 0.629384
26.0704 -0.0075124 0.624231
26.2628 -0.00743 0.619157
26.4552 -0.00734909 0.614158
26.6476 -0.00726964 0.609234
26.84 -0.00719161 0.604385
27.0324 -0.00711497 0.599611
27.2248 -0.00703968 0.594905
27.4172 -0.00696571 0.590273
27.6096 -0.00689303 0.585704
27.802 -0.0068216 0.581209
27.9944 -0.00675139 0.576768
28.1868 -0.00668238 0.572401
28.3792 -0.00661454 0.568089
28.5716 -0.00654784 0.563841
28.764 -0.00648226 0.559648
28.9564 -0.00641776 0.555519
29.1488 -0.00635432 0.551445
29.3412 -0.00629192 0.547435
29.5336 -0.00623054 0.543471
29.726 -0.00617015 0.539561
29.9184 -0.00611072 0.535707
30.1108 -0.00605225 0.531908
30.3032 -0.0059947 0.528154
30.4956 -0.00593806 0.524455
30.688 -0.0058823 0.520802
30.8804 -0.00582741 0.517195
31.0728 -0.00577337 0.513634
31.2652 -0.00572016 0.510127
31.4576 -0.00566776 0.506657
31.65 -0.00561616 0.503233
31.8424 -0.00556534 0.499851
32.0348 -0.00551527 0.496517
32.2272 -0.00546596 0.493221
32.4196 -0.00541737 0.489971
32.612 -0.0053695 0.486759
32.8044 -0.00532233 0.483585
32.9968 -0.00527585 0.48045
33.1892 -0.00523004 0.477352
33.3816 -0.00518489 0.474293
33.574 -0.00514038 0.471272
33.7664 -0.00509651 0.468288
33.9588 -0.00505326 0.465336
34.1512 -0.00501062 0.462421
34.3436 -0.00496857 0.459538
34.536 -0.00492711 0.456692
34.7284 -0.00488622 0.453876
34.9208 -0.00484589 0.451099
35.1132 -0.00480612 0.448345
35.3056 -0.00476689 0.445629
35.498 -0.00472818 0.442944
35.6904 -0.00469 0.440289
35.8828 -0.00465233 0.437664
36.0752 -0.00461516 0.435062
36.2676 -0.00457849 0.432499
36.46 -0.00454229 0.429958
36.6524 -0.00450657 0.427448
36.8448 -0.00447132 0.424961
37.0372 -0.00443653 0.422504
37.2296 -0.00440218 0.420078
37.422 -0.00436827 0.417675
37.6144 -0.0043348 0.415295
37.8068 -0.00430175 0.412945
37.9992 -0.00426912 0.410618
38.1916 -0.0042369 0.408314
38.384 -0.00420509 0.406033
38.5764 -0.00417367 0.403782
38.7688 -0.00414263 0.401546
38.9612 -0.00411199 0.399344
39.1536 -0.00408171 0.397159
39.346 -0.00405181 0.394992
39.5384 -0.00402227 0.392856
39.7308 -0.00399309 0.390738
39.9232 -0.00396426 0.388638
40.1156 -0.00393578 0.386563
40.308 -0.00390763 0.384506
40.5004 -0.00387982 0.382474
40.6928 -0.00385233 0.38046
40.8852 -0.00382517 0.378464
41.0776 -0.00379833 0.376492
41.27 -0.0037718 0.374533
41.4624 -0.00374558 0.372598
41.6548 -0.00371965 0.370682
41.8472 -0.00369403 0.368784
42.0396 -0.0036687 0.366904
42.232 -0.00364366 0.365042
42.4244 -0.0036189 0.363193
42.6168 -0.00359442 0.361368
42.8092 -0.00357022 0.359561
43.0016 -0.00354628 0.357767
43.194 -0.00352261 0.355991
43.3864 -0.00349921 0.354233
43.5788 -0.00347606 0.352487
43.7712 -0.00345317 0.35076
43.9636 -0.00343052 0.349051
44.156 -0.00340813 0.347354
44.3484 -0.00338597 0.345676
44.5408 -0.00336406 0.344009
44.7332 -0.00334238 0.342361
44.9256 -0.00332093 0.340726
45.118 -0.00329971 0.339102
45.3104 -0.00327871 0.337497
45.5028 -0.00325794 0.33591
45.6952 -0.00323739 0.334329
45.8876 -0.00321705 0.332767
46.08 -0.00319692 0.331216
46.2724 -0.003177 0.329678
46.4648 -0.00315729 0.328159
46.6572 -0.00313778 0.326651
46.8496 -0.00311847 0.325156
47.042 -0.00309936 0.323666
47.2344 -0.00308044 0.322202
47.4268 -0.00306171 0.320743
47.6192 -0.00304318 0.319296
47.8116 -0.00302483 0.317862
48.004 -0.00300666 0.31644
48.1964 -0.00298867 0.31503
48.3888 -0.00297087 0.313632
48.5812 -0.00295323 0.312247
48.7736 -0.00293578 0.310873
48.966 -0.00291849 0.309506
49.1584 -0.00290137 0.308157
49.3508 -0.00288442 0.306815
49.5432 -0.00286764 0.305484
49.7356 -0.00285101 0.304166
49.928 -0.00283455 0.302859
50.1204 -0.00281824 0.301559
50.3128 -0.00280209 0.300272
50.5052 -0.0027861 0.298997
50.6976 -0.00277025 0.297725
50.89 -0.00275456 0.296471
51.0824 -0.00273901 0.295226
51.2748 -0.00272361 0.29399
51.4672 -0.00270835 0.292763
51.6596 -0.00269323 0.291545
51.852 -0.00267826 0.290337
52.0444 -0.00266342 0.289137
52.2368 -0.00264872 0.287947
52.4292 -0.00263415 0.286766
52.6216 -0.00261972 0.285594
52.814 -0.00260541 0.284431
53.0064 -0.00259124 0.283278
53.1988 -0.0025772 0.282133
53.3912 -0.00256328 0.280998
53.5836 -0.00254949 0.279872
53.776 -0.00253582 0.278755
53.9684 -0.00252227 0.277647
54.1608 -0.00250884 0.27654
54.3532 -0.00249553 0.27545
54.5456 -0.00248234 0.274361
54.738 -0.00246926 0.27328
54.9304 -0.0024563 0.272218
55.1228 -0.00244345 0.271156
55.3152 -0.00243071 0.270103
55.5076 -0.00241809 0.269051
55.7 -0.00240557 0.268016
55.8924 -0.00239316 0.266982
56.0848 -0.00238085 0.265956
56.2772 -0.00236865 0.26494
56.4696 -0.00235656 0.263933
56.662 -0.00234457 0.262935
56.8544 -0.00233268 0.261937
57.0468 -0.00232088 0.260948
57.2392 -0.00230919 0.259969
57.4316 -0.0022976 0.258998
57.624 -0.0022861 0.258028
57.8164 -0.0022747 0.257066
58.0088 -0.00226339 0.256114
58.2012 -0.00225218 0.255171
58.3936 -0.00224106 0.254228
58.586 -0.00223002 0.253294
58.7784 -0.00221908 0.25237
58.9708 -0.00220823 0.251445
59.1632 -0.00219747 0.250529
59.3556 -0.00218679 0.249623
59.548 -0.0021762 0.248717
59.7404 -0.0021657 0.24782
59.9328 -0.00215528 0.246931
60.1252 -0.00214494 0.246053
60.3176 -0.00213469 0.245174
60.51 -0.00212451 0.244295
60.7024 -0.00211442 0.243434
60.8948 -0.00210441 0.242574
61.0872 -0.00209447 0.241713
61.2796 -0.00208462 0.240871
61.472 -0.00207484 0.240019
61.6644 -0.00206514 0.239186
61.8568 -0.00205551 0.238353
62.0492 -0.00204596 0.237529
62.2416 -0.00203648 0.236705
62.434 -0.00202707 0.23589
62.6264 -0.00201774 0.235075
62.8188 -0.00200847 0.23427
63.0112 -0.00199928 0.233473
63.2036 -0.00199016 0.232677
63.396 -0.00198111 0.23188
63.5884 -0.00197212 0.231102
63.7808 -0.0019632 0.230315
63.9732 -0.00195435 0.229546
64.1656 -0.00194557 0.228767
64.358 -0.00193685 0.228008
64.5504 -0.0019282 0.227248
64.7428 -0.00191961 0.226488
64.9352 -0.00191109 0.225737
65.1276 -0.00190262 0.224986
65.32 -0.00189422 0.224245
65.5124 -0.00188589 0.223512
65.7048 -0.00187761 0.22278
65.8972 -0.00186939 0.222047
66.0896 -0.00186123 0.221324
66.282 -0.00185314 0.220601
66.4744 -0.0018451 0.219887
66.6668 -0.00183711 0.219182
66.8592 -0.00182919 0.218468
67.0516 -0.00182132 0.217772
67.244 -0.00181351 0.217067
67.4364 -0.00180576 0.21638
67.6288 -0.00179806 0.215685
67.8212 -0.00179041 0.214998
68.0136 -0.00178282 0.21432
68.206 -0.00177528 0.213643
68.3984 -0.00176779 0.212965
68.5908 -0.00176036 0.212297
68.7832 -0.00175298 0.211638
68.9756 -0.00174565 0.21097
69.168 -0.00173837 0.21031
69.3604 -0.00173114 0.20966
69.5528 -0.00172397 0.20901
69.7452 -0.00171684 0.20836
69.9376 -0.00170976 0.207719
70.13 -0.00170273 0.207079
70.3224 -0.00169574 0.206447
70.5148 -0.00168881 0.205815
70.7072 -0.00168192 0.205183
70.8996 -0.00167508 0.204561
71.092 -0.00166828 0.203938
71.2844 -0.00166153 0.203325
71.4768 -0.00165483 0.202711
71.6692 -0.00164817 0.202098
71.8616 -0.00164155 0.201494
72.054 -0.00163498 0.20089
72.2464 -0.00162846 0.200294
72.4388 -0.00162197 0.199692
72.6312 -0.00161553 0.1991
72.8236 -0.00160913 0.198514
73.016 -0.00160278 0.197922
73.2084 -0.00159646 0.197342
73.4008 -0.00159019 0.196762
73.5932 -0.00158396 0.196182
73.7856 -0.00157777 0.195609
73.978 -0.00157162 0.195041
74.1704 -0.00156551 0.194473
74.3628 -0.00155943 0.193906
74.5552 -0.0015534 0.193344
74.7476 -0.00154741 0.192789
74.94 -0.00154145 0.192233
75.1324 -0.00153554 0.191678
75.3248 -0.00152966 0.191129
75.5172 -0.00152381 0.190585
75.7096 -0.00151801 0.190042
75.902 -0.00151224 0.189499
76.0944 -0.00150651 0.188962
76.2868 -0.00150081 0.188425
76.4792 -0.00149515 0.187894
76.6716 -0.00148953 0.187363
76.864 -0.00148394 0.186838
77.0564 -0.00147839 0.186313
77.2488 -0.00147287 0.185794
77.4412 -0.00146738 0.185275
77.6336 -0.00146193 0.184763
77.826 -0.00145651 0.18425
78.0184 -0.00145113 0.183737
78.2108 -0.00144577 0.183231
78.4032 -0.00144046 0.182724
78.5956 -0.00143517 0.182224
78.788 -0.00142992 0.181723
78.9804 -0.00142469 0.181229
79.1728 -0.0014195 0.180734
79.3652 -0.00141435 0.18024
79.5576 -0.00140922 0.179752
79.75 -0.00140412 0.179263
79.9424 -0.00139906 0.178781
80.1348 -0.00139402 0.178299
80.3272 -0.00138901 0.177817
80.5196 -0.00138404 0.177341
80.712 -0.00137909 0.176865
80.9044 -0.00137418 0.176395
81.0968 -0.00136929 0.175925
81.2892 -0.00136443 0.175455
81.4816 -0.0013596 0.174991
81.674 -0.0013548 0.174527
81.8664 -0.00135003 0.174063
82.0588 -0.00134528 0.173605
82.2512 -0.00134056 0.173148
82.4436 -0.00133587 0.172696
82.636 -0.00133121 0.172244
82.8284 -0.00132658 0.171793
83.0208 -0.00132197 0.171347
83.2132 -0.00131738 0.170901
83.4056 -0.00131283 0.170456
83.598 -0.0013083 0.170016
83.7904 -0.0013038 0.169577
83.9828 -0.00129932 0.169144
84.1752 -0.00129487 0.16871
84.3676 -0.00129044 0.168277
84.56 -0.00128604 0.167844
84.7524 -0.00128166 0.167416
84.9448 -0.00127731 0.166989
85.1372 -0.00127298 0.166568
85.3296 -0.00126868 0.166147
85.522 -0.0012644 0.165726
85.7144 -0.00126014 0.165305
85.9068 -0.00125591 0.16489
86.0992 -0.00125171 0.164474
86.2916 -0.00124752 0.164066
86.484 -0.00124336 0.163651
86.6764 -0.00123922 0.163242
86.8688 -0.00123511 0.162839
87.0612 -0.00123102 0.16243
87.2536 -0.00122695 0.162027
87.446 -0.0012229 0.16163
87.6384 -0.00121887 0.161227
87.8308 -0.00121487 0.160831
88.0232 -0.00121089 0.160434
88.2156 -0.00120693 0.160043
88.408 -0.00120299 0.159653
88.6004 -0.00119908 0.159262
88.7928 -0.00119518 0.158871
88.9852 -0.00119131 0.158487
89.1776 -0.00118745 0.158102
89.37 -0.00118362 0.157718
89.5624 -0.00117981 0.157339
89.7548 -0.00117602 0.156961
89.9472 -0.00117225 0.156583
90.1396 -0.0011685 0.156204
90.332 -0.00116477 0.155832
90.5244 -0.00116105 0.15546
90.7168 -0.00115736 0.155087
90.9092 -0.00115369 0.154715
91.1016 -0.00115004 0.154349
91.294 -0.0011464 0.153983
91.4864 -0.00114279 0.153622
91.6788 -0.00113919 0.153256
91.8712 -0.00113562 0.152896
92.0636 -0.00113206 0.152536
92.256 -0.00112852 0.152176
92.4484 -0.001125 0.151822
92.6408 -0.0011215 0.151468
92.8332 -0.00111801 0.151114
93.0256 -0.00111454 0.15076
93.218 -0.0011111 0.150412
93.4104 -0.00110766 0.150064
93.6028 -0.00110425 0.149716
93.7952 -0.00110085 0.149368
93.9876 -0.00109748 0.149026
94.18 -0.00109411 0.148685
94.3724 -0.00109077 0.148343
94.5648 -0.00108744 0.148001
94.7572 -0.00108413 0.147665
94.9496 -0.00108084 0.147324
95.142 -0.00107756 0.146988
95.3344 -0.0010743 0.146658
95.5268 -0.00107106 0.146323
95.7192 -0.00106783 0.145993
95.9116 -0.00106462 0.145663
96.104 -0.00106142 0.145334
96.2964 -0.00105824 0.145004
96.4888 -0.00105508 0.144681
96.6812 -0.00105193 0.144357
96.8736 -0.0010488 0.144034
97.066 -0.00104568 0.14371
97.2584 -0.00104258 0.143393
97.4508 -0.0010395 0.143076
97.6432 -0.00103643 0.142758
97.8356 -0.00103337 0.142441
98.028 -0.00103033 0.142123
98.2204 -0.0010273 0.141812
98.4128 -0.00102429 0.141501
98.6052 -0.0010213 0.14119
98.7976 -0.00101831 0.140878
98.99 -0.00101535 0.140567
99.1824 -0.00101239 0.140262
99.3748 -0.00100945 0.139957
99.5672 -0.00100653 0.139651
99.7596 -0.00100362 0.139346
99.952 -0.00100072 0.139047
100.144 -0.00099784 0.138742
100.337 -0.000994971 0.138443
100.529 -0.000992116 0.138144
100.722 -0.000989275 0.137851
100.914 -0.000986447 0.137552
101.106 -0.000983633 0.137259
101.299 -0.000980832 0.136966
101.491 -0.000978044 0.136673
101.684 -0.00097527 0.13638
101.876 -0.000972508 0.136087
102.068 -0.00096976 0.1358
102.261 -0.000967024 0.135513
102.453 -0.000964301 0.135226
102.646 -0.000961591 0.13494
102.838 -0.000958894 0.134653
103.03 -0.000956209 0.134372
103.223 -0.000953537 0.134091
103.415 -0.000950877 0.133804
103.608 -0.00094823 0.13353
103.8 -0.000945595 0.133249
103.992 -0.000942972 0.132968
104.185 -0.000940361 0.132693
104.377 -0.000937762 0.132419
104.57 -0.000935175 0.132144
104.762 -0.0009326 0.13187
104.954 -0.000930037 0.131595
105.147 -0.000927485 0.131326
105.339 -0.000924945 0.131052
105.532 -0.000922417 0.130783
105.724 -0.0009199 0.130515
105.916 -0.000917395 0.130246
106.109 -0.000914901 0.129984
106.301 -0.000912418 0.129715
106.494 -0.000909946 0.129453
106.686 -0.000907486 0.12919
106.878 -0.000905037 0.128928
107.071 -0.000902598 0.128665
107.263 -0.000900171 0.128403
107.456 -0.000897754 0.128146
107.648 -0.000895349 0.127884
107.84 -0.000892954 0.127628
108.033 -0.000890569 0.127371
108.225 -0.000888195 0.127115
108.418 -0.000885832 0.126865
108.61 -0.000883479 0.126608
108.802 -0.000881137 0.126358
108.995 -0.000878805 0.126108
109.187 -0.000876483 0.125851
109.38 -0.000874172 0.125607
109.572 -0.00087187 0.125357
109.764 -0.000869579 0.125107
109.957 -0.000867297 0.124863
110.149 -0.000865026 0.124612
110.342 -0.000862764 0.124368
110.534 -0.000860513 0.124124
110.726 -0.000858271 0.12388
110.919 -0.000856039 0.123636
111.111 -0.000853816 0.123398
111.304 -0.000851603 0.123154
111.496 -0.0008494 0.122916
111.688 -0.000847206 0.122678
111.881 -0.000845022 0.12244
112.073 -0.000842847 0.122202
112.266 -0.000840681 0.121964
112.458 -0.000838524 0.121732
112.65 -0.000836377 0.121494
112.843 -0.000834239 0.121262
113.035 -0.00083211 0.12103
113.228 -0.00082999 0.120798
113.42 -0.000827879 0.120566
113.612 -0.000825777 0.120334
113.805 -0.000823683 0.120102
113.997 -0.000821599 0.119876
114.19 -0.000819523 0.119644
114.382 -0.000817457 0.119418
114.574 -0.000815398 0.119193
114.767 -0.000813349 0.118967
114.959 -0.000811308 0.118741
115.152 -0.000809275 0.118521
115.344 -0.000807251 0.118295
115.536 -0.000805236 0.118069
115.729 -0.000803228 0.11785
115.921 -0.00080123 0.11763
116.114 -0.000799239 0.11741
116.306 -0.000797257 0.117191
116.498 -0.000795282 0.116971
116.691 -0.000793316 0.116751
116.883 -0.000791358 0.116537
117.076 -0.000789408 0.116318
117.268 -0.000787466 0.116104
117.46 -0.000785532 0.115891
117.653 -0.000783606 0.115677
117.845 -0.000781688 0.115463
118.038 -0.000779778 0.11525
118.23 -0.000777875 0.115036
118.422 -0.00077598 0.114828
118.615 -0.000774093 0.114615
118.807 -0.000772213 0.114407
119 -0.000770341 0.1142
119.192 -0.000768477 0.113986
119.384 -0.00076662 0.113779
119.577 -0.00076477 0.113571
119.769 -0.000762928 0.11337
119.962 -0.000761093 0.113162
120.154 -0.000759266 0.112955
120.346 -0.000757446 0.112753
120.539 -0.000755633 0.112552
120.731 -0.000753828 0.112344
120.924 -0.000752029 0.112143
121.116 -0.000750238 0.111942
121.308 -0.000748454 0.11174
121.501 -0.000746677 0.111545
121.693 -0.000744907 0.111343
121.886 -0.000743144 0.111142
122.078 -0.000741388 0.110947
122.27 -0.000739638 0.110751
122.463 -0.000737896 0.11055
122.655 -0.00073616 0.110355
122.848 -0.000734432 0.110159
123.04 -0.00073271 0.109964
123.232 -0.000730994 0.109775
123.425 -0.000729286 0.109579
123.617 -0.000727584 0.109384
123.81 -0.000725889 0.109195
124.002 -0.0007242 0.109
124.194 -0.000722518 0.10881
124.387 -0.000720842 0.108621
124.579 -0.000719173 0.108432
124.772 -0.00071751 0.108243
124.964 -0.000715853 0.108054
125.156 -0.000714203 0.107864
125.349 -0.00071256 0.107675
125.541 -0.000710922 0.107492
125.734 -0.000709291 0.107303
125.926 -0.000707666 0.10712
126.118 -0.000706047 0.106937
126.311 -0.000704435 0.106754
126.503 -0.000702828 0.106564
126.696 -0.000701228 0.106381
126.888 -0.000699634 0.106204
127.08 -0.000698045 0.106021
127.273 -0.000696463 0.105838
127.465 -0.000694887 0.105655
127.658 -0.000693316 0.105478
127.85 -0.000691752 0.105295
128.042 -0.000690193 0.105118
128.235 -0.000688641 0.104941
128.427 -0.000687094 0.104764
128.62 -0.000685553 0.104587
128.812 -0.000684017 0.10441
129.004 -0.000682488 0.104233
129.197 -0.000680964 0.104056
129.389 -0.000679445 0.103879
129.582 -0.000677933 0.103708
129.774 -0.000676426 0.103531
129.966 -0.000674924 0.10336
130.159 -0.000673428 0.103189
130.351 -0.000671938 0.103012
130.544 -0.000670453 0.102841
130.736 -0.000668973 0.10267
130.928 -0.000667499 0.102499
131.121 -0.000666031 0.102328
131.313 -0.000664567 0.102158
131.506 -0.000663109 0.101993
131.698 -0.000661657 0.101822
131.89 -0.00066021 0.101651
132.083 -0.000658768 0.101486
132.275 -0.000657331 0.101321
132.468 -0.000655899 0.101151
132.66 -0.000654473 0.100986
132.852 -0.000653052 0.100821
133.045 -0.000651635 0.100656
133.237 -0.000650225 0.100491
133.43 -0.000648819 0.100327
133.622 -0.000647418 0.100162
133.814 -0.000646022 0.100003
134.007 -0.000644631 0.0998383
134.199 -0.000643245 0.0996735
134.392 -0.000641865 0.0995148
134.584 -0.000640489 0.09935
134.776 -0.000639118 0.0991913
134.969 -0.000637752 0.0990326
135.161 -0.00063639 0.0988739
135.354 -0.000635034 0.0987152
135.546 -0.000633682 0.0985565
135.738 -0.000632335 0.0983978
135.931 -0.000630993 0.0982391
136.123 -0.000629656 0.0980804
136.316 -0.000628324 0.0979218
136.508 -0.000626996 0.0977692
136.7 -0.000625672 0.0976105
136.893 -0.000624354 0.0974579
137.085 -0.00062304 0.0972992
137.278 -0.00062173 0.0971466
137.47 -0.000620426 0.096994
137.662 -0.000619125 0.0968414
137.855 -0.00061783 0.0966888
138.047 -0.000616539 0.0965363
138.24 -0.000615252 0.0963837
138.432 -0.00061397 0.0962311
138.624 -0.000612692 0.0960785
138.817 -0.000611419 0.0959259
139.009 -0.00061015 0.0957794
139.202 -0.000608885 0.0956268
139.394 -0.000607625 0.0954803
139.586 -0.000606369 0.0953278
139.779 -0.000605118 0.0951813
139.971 -0.00060387 0.0950287
140.164 -0.000602627 0.0948822
140.356 -0.000601389 0.0947357
140.548 -0.000600154 0.0945892
140.741 -0.000598924 0.0944427
140.933 -0.000597698 0.0942963
141.126 -0.000596476 0.0941498
141.318 -0.000595258 0.0940033
141.51 -0.000594045 0.0938629
141.703 -0.000592835 0.0937164
141.895 -0.00059163 0.0935699
142.088 -0.000590429 0.0934296
142.28 -0.000589232 0.0932831
142.472 -0.000588038 0.0931427
142.665 -0.000586849 0.0930023
142.857 -0.000585664 0.0928558
143.05 -0.000584483 0.0927155
143.242 -0.000583306 0.0925751
143.434 -0.000582132 0.0924347
143.627 -0.000580963 0.0922943
143.819 -0.000579798 0.0921539
144.012 -0.000578636 0.0920135
144.204 -0.000577479 0.0918732
144.396 -0.000576325 0.0917389
144.589 -0.000575175 0.0915985
144.781 -0.000574029 0.0914581
144.974 -0.000572886 0.0913239
145.166 -0.000571748 0.0911835
145.358 -0.000570613 0.0910492
145.551 -0.000569482 0.0909088
145.743 -0.000568355 0.0907745
145.936 -0.000567231 0.0906403
146.128 -0.000566111 0.090506
146.32 -0.000564995 0.0903717
146.513 -0.000563882 0.0902374
146.705 -0.000562773 0.0901031
146.898 -0.000561668 0.0899689
147.09 -0.000560567 0.0898346
147.282 -0.000559468 0.0897003
147.475 -0.000558374 0.089566
147.667 -0.000557283 0.0894379
147.86 -0.000556196 0.0893036
148.052 -0.000555112 0.0891693
148.244 -0.000554031 0.0890411
148.437 -0.000552955 0.0889069
148.629 -0.000551881 0.0887787
148.822 -0.000550811 0.0886505
149.014 -0.000549745 0.0885162
149.206 -0.000548682 0.0883881
149.399 -0.000547622 0.0882599
149.591 -0.000546566 0.0881317
149.784 -0.000545514 0.0880035
149.976 -0.000544464 0.0878754
150.168 -0.000543418 0.0877472
150.361 -0.000542375 0.087619
150.553 -0.000541336 0.0874908
150.746 -0.0005403 0.0873627
150.938 -0.000539267 0.0872406
151.13 -0.000538238 0.0871124
151.323 -0.000537212 0.0869843
151.515 -0.000536189 0.0868622
151.708 -0.000535169 0.086734
151.9 -0.000534153 0.0866119
152.092 -0.000533139 0.0864899
152.285 -0.000532129 0.0863617
152.477 -0.000531122 0.0862396
152.67 -0.000530119 0.0861176
152.862 -0.000529118 0.0859955
153.054 -0.000528121 0.0858734
153.247 -0.000527127 0.0857513
153.439 -0.000526135 0.0856293
153.632 -0.000525147 0.0855072
153.824 -0.000524162 0.0853851
154.016 -0.000523181 0.0852631
154.209 -0.000522202 0.085141
154.401 -0.000521226 0.0850189
154.594 -0.000520253 0.084903
154.786 -0.000519284 0.0847809
154.978 -0.000518317 0.0846588
155.171 -0.000517353 0.0845428
155.363 -0.000516392 0.0844208
155.556 -0.000515435 0.0843048
155.748 -0.00051448 0.0841888
155.94 -0.000513528 0.0840668
156.133 -0.000512579 0.0839508
156.325 -0.000511633 0.0838348
156.518 -0.00051069 0.0837189
156.71 -0.00050975 0.0835968
156.902 -0.000508812 0.0834808
157.095 -0.000507878 0.0833649
157.287 -0.000506946 0.0832489
157.48 -0.000506018 0.0831329
157.672 -0.000505092 0.0830231
157.864 -0.000504169 0.0829071
158.057 -0.000503248 0.0827911
158.249 -0.000502331 0.0826752
158.442 -0.000501416 0.0825653
158.634 -0.000500504 0.0824493
158.826 -0.000499595 0.0823334
159.019 -0.000498689 0.0822235
159.211 -0.000497785 0.0821075
159.404 -0.000496884 0.0819977
159.596 -0.000495986 0.0818817
159.788 -0.00049509 0.0817719
159.981 -0.000494197 0.081662
160.173 -0.000493307 0.0815521
160.366 -0.00049242 0.0814362
160.558 -0.000491535 0.0813263
160.75 -0.000490653 0.0812164
160.943 -0.000489773 0.0811066
161.135 -0.000488896 0.0809967
161.328 -0.000488022 0.0808868
161.52 -0.00048715 0.080777
161.712 -0.000486281 0.0806671
161.905 -0.000485414 0.0805573
162.097 -0.00048455 0.0804474
162.29 -0.000483689 0.0803436
162.482 -0.00048283 0.0802338
162.674 -0.000481974 0.0801239
162.867 -0.00048112 0.0800201
163.059 -0.000480269 0.0799103
163.252 -0.00047942 0.0798065
163.444 -0.000478574 0.0796967
163.636 -0.00047773 0.0795929
163.829 -0.000476889 0.079483
164.021 -0.00047605 0.0793793
164.214 -0.000475213 0.0792755
164.406 -0.000474379 0.0791656
164.598 -0.000473548 0.0790619
164.791 -0.000472719 0.0789581
164.983 -0.000471892 0.0788544
165.176 -0.000471068 0.0787506
165.368 -0.000470246 0.0786469
165.56 -0.000469426 0.0785431
165.753 -0.000468609 0.0784393
165.945 -0.000467795 0.0783356
166.138 -0.000466982 0.0782318
166.33 -0.000466172 0.0781281
166.522 -0.000465365 0.0780243
166.715 -0.000464559 0.0779205
166.907 -0.000463756 0.0778229
167.1 -0.000462955 0.0777191
167.292 -0.000462157 0.0776154
167.484 -0.000461361 0.0775177
167.677 -0.000460567 0.0774139
167.869 -0.000459775 0.0773102
168.062 -0.000458986 0.0772125
168.254 -0.000458199 0.0771149
168.446 -0.000457414 0.0770111
168.639 -0.000456632 0.0769135
168.831 -0.000455851 0.0768097
169.024 -0.000455073 0.076712
169.216 -0.000454297 0.0766144
169.408 -0.000453524 0.0765167
169.601 -0.000452752 0.076413
169.793 -0.000451983 0.0763153
169.986 -0.000451216 0.0762177
170.178 -0.000450451 0.07612
170.37 -0.000449688 0.0760223
170.563 -0.000448927 0.0759247
170.755 -0.000448169 0.075827
170.948 -0.000447412 0.0757294
171.14 -0.000446658 0.0756317
171.332 -0.000445906 0.0755402
171.525 -0.000445156 0.0754425
171.717 -0.000444408 0.0753448
171.91 -0.000443662 0.0752472
172.102 -0.000442918 0.0751556
172.294 -0.000442177 0.075058
172.487 -0.000441437 0.0749603
172.679 -0.000440699 0.0748688
172.872 -0.000439964 0.0747711
173.064 -0.00043923 0.0746796
173.256 -0.000438499 0.0745819
173.449 -0.00043777 0.0744904
173.641 -0.000437042 0.0743988
173.834 -0.000436317 0.0743011
174.026 -0.000435593 0.0742096
174.218 -0.000434872 0.074118
174.411 -0.000434153 0.0740204
174.603 -0.000433435 0.0739288
174.796 -0.00043272 0.0738373
174.988 -0.000432006 0.0737457
175.18 -0.000431295 0.0736542
175.373 -0.000430585 0.0735626
175.565 -0.000429878 0.0734711
175.758 -0.000429172 0.0733795
175.95 -0.000428468 0.073288
176.142 -0.000427766 0.0731964
176.335 -0.000427066 0.0731049
176.527 -0.000426368 0.0730133
176.72 -0.000425672 0.0729218
176.912 -0.000424978 0.0728302
177.104 -0.000424286 0.0727448
177.297 -0.000423595 0.0726532
177.489 -0.000422907 0.0725616
177.682 -0.00042222 0.0724762
177.874 -0.000421535 0.0723846
178.066 -0.000420852 0.0722931
178.259 -0.000420171 0.0722076
178.451 -0.000419492 0.0721161
178.644 -0.000418814 0.0720306
178.836 -0.000418139 0.0719391
179.028 -0.000417465 0.0718536
179.221 -0.000416793 0.0717682
179.413 -0.000416122 0.0716766
179.606 -0.000415454 0.0715912
179.798 -0.000414787 0.0715057
179.99 -0.000414122 0.0714142
180.183 -0.000413459 0.0713287
180.375 -0.000412798 0.0712433
180.568 -0.000412138 0.0711578
180.76 -0.00041148 0.0710724
180.952 -0.000410824 0.0709869
181.145 -0.00041017 0.0708954
181.337 -0.000409517 0.0708099
181.53 -0.000408866 0.0707245
181.722 -0.000408217 0.070639
181.914 -0.00040757 0.0705536
182.107 -0.000406924 0.0704742
182.299 -0.00040628 0.0703888
182.492 -0.000405638 0.0703033
182.684 -0.000404997 0.0702179
182.876 -0.000404358 0.0701324
183.069 -0.000403721 0.070047
183.261 -0.000403085 0.0699677
183.454 -0.000402451 0.0698822
183.646 -0.000401819 0.0697968
183.838 -0.000401188 0.0697174
184.031 -0.000400559 0.069632
184.223 -0.000399932 0.0695526
184.416 -0.000399306 0.0694672
184.608 -0.000398682 0.0693878
184.8 -0.00039806 0.0693024
184.993 -0.000397439 0.069223
185.185 -0.00039682 0.0691376
185.378 -0.000396202 0.0690582
185.57 -0.000395586 0.0689728
185.762 -0.000394972 0.0688934
185.955 -0.000394359 0.0688141
186.147 -0.000393748 0.0687286
186.34 -0.000393138 0.0686493
186.532 -0.00039253 0.0685699
186.724 -0.000391923 0.0684906
186.917 -0.000391318 0.0684113
187.109 -0.000390715 0.0683319
187.302 -0.000390113 0.0682465
187.494 -0.000389513 0.0681671
187.686 -0.000388914 0.0680878
187.879 -0.000388317 0.0680084
188.071 -0.000387721 0.0679291
188.264 -0.000387127 0.0678497
188.456 -0.000386534 0.0677704
188.648 -0.000385943 0.067691
188.841 -0.000385353 0.0676178
189.033 -0.000384765 0.0675385
189.226 -0.000384178 0.0674591
189.418 -0.000383593 0.0673798
189.61 -0.00038301 0.0673004
189.803 -0.000382427 0.0672272
189.995 -0.000381847 0.0671478
190.188 -0.000381267 0.0670685
190.38 -0.000380689 0.0669952
190.572 -0.000380113 0.0669159
190.765 -0.000379538 0.0668365
190.957 -0.000378965 0.0667633
191.15 -0.000378393 0.066684
191.342 -0.000377822 0.0666107
191.534 -0.000377253 0.0665314
191.727 -0.000376685 0.0664581
191.919 -0.000376119 0.0663788
192.112 -0.000375554 0.0663055
192.304 -0.000374991 0.0662262
192.496 -0.000374429 0.066153
192.689 -0.000373868 0.0660797
192.881 -0.000373309 0.0660004
193.074 -0.000372751 0.0659271
193.266 -0.000372194 0.0658539
193.458 -0.000371639 0.0657806
193.651 -0.000371086 0.0657013
193.843 -0.000370533 0.0656281
194.036 -0.000369982 0.0655548
194.228 -0.000369433 0.0654816
194.42 -0.000368884 0.0654083
194.613 -0.000368337 0.0653351
194.805 -0.000367792 0.0652618
194.998 -0.000367248 0.0651886
195.19 -0.000366705 0.0651154
195.382 -0.000366163 0.0650421
195.575 -0.000365623 0.0649689
195.767 -0.000365084 0.0648956
195.96 -0.000364547 0.0648224
196.152 -0.00036401 0.0647491
196.344 -0.000363476 0.0646759
196.537 -0.000362942 0.0646027
196.729 -0.00036241 0.0645355
196.922 -0.000361879 0.0644623
197.114 -0.000361349 0.064389
197.306 -0.000360821 0.0643158
197.499 -0.000360293 0.0642487
197.691 -0.000359768 0.0641754
197.884 -0.000359243 0.0641022
198.076 -0.00035872 0.064035
198.268 -0.000358198 0.0639618
198.461 -0.000357677 0.0638885
198.653 -0.000357157 0.0638214
198.846 -0.000356639 0.0637482
199.038 -0.000356122 0.063681
199.23 -0.000355607 0.0636078
199.423 -0.000355092 0.0635406
199.615 -0.000354579 0.0634674
199.808 -0.000354067 0.0634003
200 -0.000353556 0.063327
