7.6 0.0551124 3.05176e-06
7.7924 0.0530839 3.05176e-06
7.9848 0.0443206 1.68756
8.1772 0.0427656 1.63856
8.3696 0.0412995 1.59239
8.562 0.0399153 1.54879
8.7544 0.0386067 1.50751
8.9468 0.037368 1.46837
9.1392 0.0361943 1.43117
9.3316 0.0350807 1.39578
9.524 0.0340231 1.36205
9.7164 0.0330175 1.32987
9.9088 0.0320606 1.29912
10.1012 0.0311489 1.26971
10.2936 0.0302797 1.24156
10.486 0.0294502 1.21457
10.6784 0.0286579 1.18868
10.8708 0.0279004 1.16381
11.0632 0.0271758 1.13993
11.2556 0.026482 1.11695
11.448 0.0258172 1.09483
11.6404 0.0251798 1.07352
11.8328 0.0245682 1.05298
12.0252 0.0239809 1.03317
12.2176 0.0234167 1.01405
12.41 0.0228742 0.995586
12.6024 0.0223524 0.977741
12.7948 0.0218501 0.960484
12.9872 0.0213664 0.94379
13.1796 0.0209002 0.927631
13.372 0.0204508 0.911983
13.5644 0.0200172 0.896824
13.7568 0.0195988 0.88213
13.9492 0.0191947 0.867875
14.1416 0.0188043 0.854046
14.334 0.018427 0.840615
14.5264 0.0180621 0.827583
14.7188 0.0177091 0.814914
14.9112 0.0173675 0.802603
15.1036 0.0170367 0.790634
15.296 0.0167163 0.778995
15.4884 0.0164058 0.767673
15.6808 0.0161048 0.756644
15.8732 0.0158128 0.745914
16.0656 0.0155296 0.735458
16.258 0.0152548 0.725272
16.4504 0.014988 0.715341
16.6428 0.0147288 0.705667
16.8352 0.014477 0.696227
17.0276 0.0142324 0.68702
17.22 0.0139945 0.678037
17.4124 0.0137632 0.669268
17.6048 0.0135382 0.660701
17.7972 0.0133193 0.652343
17.9896 0.0131062 0.644172
18.182 0.0128987 0.636193
18.3744 0.0126966 0.628391
18.5668 0.0124998 0.62077
18.7592 0.012308 0.613314
18.9516 0.0121211 0.606019
19.144 0.0119388 0.598888
19.3364 0.0117611 0.591902
19.5288 0.0115877 0.585072
19.7212 0.0114185 0.578389
19.9136 0.0112534 0.571834
20.106 0.0110923 0.565425
20.2984 0.010935 0.559145
20.4908 0.0107813 0.552992
20.6832 0.0106312 0.546959
20.8756 0.0104846 0.541045
21.068 0.0103413 0.535249
21.2604 0.0102013 0.529573
21.4528 0.0100643 0.523997
21.6452 0.00993046 0.518541
21.8376 0.00979952 0.513176
22.03 0.00967142 0.507921
22.2224 0.0095461 0.502757
22.4148 0.00942346 0.497692
22.6072 0.00930342 0.492718
22.7996 0.00918591 0.487835
22.992 0.00907085 0.483044
23.1844 0.00895818 0.478336
23.3768 0.00884781 0.473713
23.5692 0.0087397 0.469173
23.7616 0.00863377 0.46471
23.954 0.00852996 0.460323
24.1464 0.00842822 0.456013
24.3388 0.00832848 0.451771
24.5312 0.0082307 0.447605
24.7236 0.00813481 0.443508
24.916 0.00804077 0.43948
25.1084 0.00794853 0.43552
25.3008 0.00785804 0.431629
25.4932 0.00776925 0.427792
25.6856 0.00768213 0.424023
25.878 0.00759662 0.420315
26.0704 0.00751268 0.41666
26.2628 0.00743028 0.413067
26.4552 0.00734937 0.409527
26.6476 0.00726993 0.406048
26.84 0.0071919 0.402622
27.0324 0.00711526 0.39924
27.2248 0.00703997 0.39592
27.4172 0.006966 0.392642
27.6096 0.00689331 0.38942
27.802 0.00682188 0.38624
27.9944 0.00675168 0.383115
28.1868 0.00668267 0.380026
28.3792 0.00661483 0.376993
28.5716 0.00654813 0.373996
28.764 0.00648255 0.371042
28.9564 0.00641805 0.368137
29.1488 0.00635461 0.365268
29.3412 0.00629221 0.362442
29.5336 0.00623083 0.359653
29.726 0.00617044 0.356906
29.9184 0.00611102 0.354196
30.1108 0.00605254 0.351523
30.3032 0.00599499 0.348886
30.4956 0.00593835 0.346286
30.688 0.0058826 0.343716
30.8804 0.00582771 0.34119
31.0728 0.00577367 0.338687
31.2652 0.00572046 0.336227
31.4576 0.00566806 0.333792
31.65 0.00561646 0.331393
31.8424 0.00556563 0.329025
32.0348 0.00551557 0.326688
32.2272 0.00546626 0.32438
32.4196 0.00541767 0.322104
32.612 0.0053698 0.319852
32.8044 0.00532263 0.31763
32.9968 0.00527615 0.315439
33.1892 0.00523034 0.313272
33.3816 0.00518519 0.311136
33.574 0.00514069 0.309024
33.7664 0.00509681 0.306937
33.9588 0.00505356 0.304874
34.1512 0.00501092 0.302841
34.3436 0.00496887 0.300827
34.536 0.00492741 0.298842
34.7284 0.00488652 0.296883
34.9208 0.0048462 0.294942
35.1132 0.00480643 0.293019
35.3056 0.00476719 0.291124
35.498 0.00472849 0.289256
35.6904 0.00469031 0.287407
35.8828 0.00465264 0.285576
36.0752 0.00461547 0.283763
36.2676 0.00457879 0.281978
36.46 0.0045426 0.280211
36.6524 0.00450688 0.278462
36.8448 0.00447163 0.276741
37.0372 0.00443684 0.275029
37.2296 0.00440249 0.273344
37.422 0.00436858 0.271669
37.6144 0.00433511 0.270021
37.8068 0.00430206 0.268382
37.9992 0.00426943 0.266771
38.1916 0.00423721 0.265169
38.384 0.0042054 0.263594
38.5764 0.00417398 0.262029
38.7688 0.00414295 0.260481
38.9612 0.0041123 0.258952
39.1536 0.00408203 0.257433
39.346 0.00405213 0.25594
39.5384 0.00402259 0.254457
39.7308 0.00399341 0.252983
39.9232 0.00396458 0.251537
40.1156 0.00393609 0.250099
40.308 0.00390795 0.248671
40.5004 0.00388013 0.24727
40.6928 0.00385265 0.245879
40.8852 0.00382549 0.244496
41.0776 0.00379865 0.243132
41.27 0.00377212 0.241777
41.4624 0.00374589 0.24044
41.6548 0.00371997 0.239113
41.8472 0.00369435 0.237804
42.0396 0.00366902 0.236504
42.232 0.00364398 0.235222
42.4244 0.00361922 0.233949
42.6168 0.00359474 0.232686
42.8092 0.00357054 0.231441
43.0016 0.0035466 0.230205
43.194 0.00352294 0.228978
43.3864 0.00349953 0.227769
43.5788 0.00347638 0.226561
43.7712 0.00345349 0.22538
43.9636 0.00343085 0.224199
44.156 0.00340845 0.223027
44.3484 0.0033863 0.221873
44.5408 0.00336438 0.220729
44.7332 0.0033427 0.219594
44.9256 0.00332125 0.218468
45.118 0.00330003 0.217351
45.3104 0.00327904 0.216252
45.5028 0.00325827 0.215154
45.6952 0.00323771 0.214073
45.8876 0.00321737 0.213002
46.08 0.00319725 0.211931
46.2724 0.00317733 0.210878
46.4648 0.00315762 0.209834
46.6572 0.00313811 0.2088
46.8496 0.0031188 0.207774
47.042 0.00309969 0.206749
47.2344 0.00308077 0.205742
47.4268 0.00306204 0.204744
47.6192 0.00304351 0.203755
47.8116 0.00302516 0.202766
48.004 0.00300699 0.201796
48.1964 0.002989 0.200835
48.3888 0.0029712 0.199875
48.5812 0.00295357 0.198923
48.7736 0.00293611 0.197983
48.966 0.00291882 0.197049
49.1584 0.00290171 0.196127
49.3508 0.00288476 0.195206
49.5432 0.00286797 0.194296
49.7356 0.00285135 0.193393
49.928 0.00283488 0.192502
50.1204 0.00281858 0.191611
50.3128 0.00280243 0.190732
50.5052 0.00278643 0.189859
50.6976 0.00277059 0.188998
50.89 0.00275489 0.188138
51.0824 0.00273934 0.187283
51.2748 0.00272394 0.186441
51.4672 0.00270868 0.185605
51.6596 0.00269357 0.184775
51.852 0.00267859 0.183951
52.0444 0.00266376 0.183133
52.2368 0.00264905 0.182321
52.4292 0.00263449 0.181516
52.6216 0.00262005 0.180716
52.814 0.00260575 0.179922
53.0064 0.00259158 0.179141
53.1988 0.00257754 0.17836
53.3912 0.00256362 0.177585
53.5836 0.00254983 0.176816
53.776 0.00253616 0.176059
53.9684 0.00252261 0.175302
54.1608 0.00250918 0.174551
54.3532 0.00249587 0.173807
54.5456 0.00248268 0.173068
54.738 0.0024696 0.172336
54.9304 0.00245664 0.171609
55.1228 0.00244379 0.170883
55.3152 0.00243106 0.170169
55.5076 0.00241843 0.169461
55.7 0.00240591 0.168753
55.8924 0.0023935 0.168051
56.0848 0.0023812 0.167355
56.2772 0.002369 0.166666
56.4696 0.0023569 0.165982
56.662 0.00234491 0.165305
56.8544 0.00233302 0.164627
57.0468 0.00232123 0.163956
57.2392 0.00230954 0.16329
57.4316 0.00229794 0.162631
57.624 0.00228645 0.161978
57.8164 0.00227504 0.161325
58.0088 0.00226374 0.160678
58.2012 0.00225252 0.160037
58.3936 0.0022414 0.159402
58.586 0.00223037 0.158768
58.7784 0.00221943 0.158139
58.9708 0.00220858 0.157516
59.1632 0.00219782 0.1569
59.3556 0.00218714 0.156284
59.548 0.00217655 0.155673
59.7404 0.00216605 0.155063
59.9328 0.00215563 0.154465
60.1252 0.00214529 0.153867
60.3176 0.00213504 0.153275
60.51 0.00212486 0.152682
60.7024 0.00211477 0.152097
60.8948 0.00210476 0.151517
61.0872 0.00209483 0.150937
61.2796 0.00208497 0.150363
61.472 0.00207519 0.149796
61.6644 0.00206549 0.149228
61.8568 0.00205586 0.148666
62.0492 0.00204631 0.148111
62.2416 0.00203683 0.147556
62.434 0.00202742 0.147
62.6264 0.00201809 0.146457
62.8188 0.00200883 0.145914
63.0112 0.00199963 0.14537
63.2036 0.00199051 0.144833
63.396 0.00198146 0.144302
63.5884 0.00197248 0.143771
63.7808 0.00196356 0.143246
63.9732 0.00195471 0.142728
64.1656 0.00194593 0.142203
64.358 0.00193721 0.14169
64.5504 0.00192856 0.141177
64.7428 0.00191997 0.140671
64.9352 0.00191144 0.140164
65.1276 0.00190298 0.139658
65.32 0.00189458 0.139163
65.5124 0.00188624 0.138663
65.7048 0.00187797 0.138168
65.8972 0.00186975 0.13768
66.0896 0.00186159 0.137192
66.282 0.00185349 0.13671
66.4744 0.00184545 0.136227
66.6668 0.00183747 0.135751
66.8592 0.00182955 0.135275
67.0516 0.00182168 0.134805
67.244 0.00181387 0.134335
67.4364 0.00180612 0.133871
67.6288 0.00179842 0.133408
67.8212 0.00179077 0.13295
68.0136 0.00178318 0.132492
68.206 0.00177564 0.132034
68.3984 0.00176816 0.131583
68.5908 0.00176072 0.131137
68.7832 0.00175334 0.130685
68.9756 0.00174601 0.130246
69.168 0.00173873 0.129807
69.3604 0.00173151 0.129367
69.5528 0.00172433 0.128928
69.7452 0.0017172 0.128494
69.9376 0.00171012 0.128067
70.13 0.00170309 0.12764
70.3224 0.00169611 0.127213
70.5148 0.00168917 0.126791
70.7072 0.00168228 0.12637
70.8996 0.00167544 0.125949
71.092 0.00166865 0.125534
71.2844 0.0016619 0.125125
71.4768 0.00165519 0.12471
71.6692 0.00164853 0.124307
71.8616 0.00164192 0.123898
72.054 0.00163535 0.123495
72.2464 0.00162882 0.123093
72.4388 0.00162234 0.122696
72.6312 0.0016159 0.122299
72.8236 0.0016095 0.121902
73.016 0.00160315 0.121512
73.2084 0.00159683 0.121121
73.4008 0.00159056 0.120737
73.5932 0.00158433 0.120352
73.7856 0.00157814 0.119968
73.978 0.00157199 0.119583
74.1704 0.00156587 0.119205
74.3628 0.0015598 0.118832
74.5552 0.00155377 0.118454
74.7476 0.00154778 0.118082
74.94 0.00154182 0.117709
75.1324 0.00153591 0.117343
75.3248 0.00153003 0.116977
75.5172 0.00152418 0.116611
75.7096 0.00151838 0.116251
75.902 0.00151261 0.115891
76.0944 0.00150688 0.11553
76.2868 0.00150118 0.115176
76.4792 0.00149552 0.114822
76.6716 0.0014899 0.114468
76.864 0.00148431 0.11412
77.0564 0.00147876 0.113773
77.2488 0.00147324 0.113425
77.4412 0.00146775 0.113077
77.6336 0.0014623 0.112735
77.826 0.00145688 0.112393
78.0184 0.0014515 0.112051
78.2108 0.00144615 0.111716
78.4032 0.00144083 0.11138
78.5956 0.00143554 0.111044
78.788 0.00143029 0.110715
78.9804 0.00142507 0.110385
79.1728 0.00141988 0.110056
79.3652 0.00141472 0.109726
79.5576 0.00140959 0.109402
79.75 0.0014045 0.109079
79.9424 0.00139943 0.108755
80.1348 0.0013944 0.108438
80.3272 0.00138939 0.108121
80.5196 0.00138442 0.107803
80.712 0.00137947 0.107486
80.9044 0.00137455 0.107175
81.0968 0.00136967 0.106863
81.2892 0.00136481 0.106552
81.4816 0.00135998 0.106241
81.674 0.00135518 0.105936
81.8664 0.0013504 0.10563
82.0588 0.00134566 0.105325
82.2512 0.00134094 0.105026
82.4436 0.00133625 0.104721
82.636 0.00133159 0.104422
82.8284 0.00132696 0.104123
83.0208 0.00132235 0.10383
83.2132 0.00131776 0.103531
83.4056 0.00131321 0.103238
83.598 0.00130868 0.102951
83.7904 0.00130418 0.102658
83.9828 0.0012997 0.102371
84.1752 0.00129525 0.102078
84.3676 0.00129082 0.101797
84.56 0.00128642 0.101511
84.7524 0.00128204 0.101224
84.9448 0.00127769 0.100943
85.1372 0.00127336 0.100662
85.3296 0.00126906 0.100388
85.522 0.00126478 0.100107
85.7144 0.00126053 0.0998322
85.9068 0.0012563 0.0995575
86.0992 0.00125209 0.0992828
86.2916 0.00124791 0.0990082
86.484 0.00124375 0.0987396
86.6764 0.00123961 0.0984711
86.8688 0.00123549 0.0982025
87.0612 0.0012314 0.097934
87.2536 0.00122733 0.0976654
87.446 0.00122329 0.097403
87.6384 0.00121926 0.0971405
87.8308 0.00121526 0.0968781
88.0232 0.00121128 0.0966156
88.2156 0.00120732 0.0963531
88.408 0.00120338 0.0960968
88.6004 0.00119946 0.0958405
88.7928 0.00119557 0.0955841
88.9852 0.0011917 0.0953278
89.1776 0.00118784 0.0950775
89.37 0.00118401 0.0948212
89.5624 0.0011802 0.0945709
89.7548 0.00117641 0.0943207
89.9472 0.00117264 0.0940704
90.1396 0.00116889 0.0938263
90.332 0.00116515 0.093576
90.5244 0.00116144 0.0933319
90.7168 0.00115775 0.0930878
90.9092 0.00115408 0.0928436
91.1016 0.00115043 0.0926056
91.294 0.00114679 0.0923615
91.4864 0.00114318 0.0921234
91.6788 0.00113958 0.0918854
91.8712 0.00113601 0.0916473
92.0636 0.00113245 0.0914093
92.256 0.00112891 0.0911713
92.4484 0.00112539 0.0909393
92.6408 0.00112189 0.0907074
92.8332 0.0011184 0.0904755
93.0256 0.00111494 0.0902435
93.218 0.00111149 0.0900116
93.4104 0.00110806 0.0897797
93.6028 0.00110464 0.0895538
93.7952 0.00110125 0.089328
93.9876 0.00109787 0.0891022
94.18 0.00109451 0.0888763
94.3724 0.00109116 0.0886505
94.5648 0.00108784 0.0884308
94.7572 0.00108453 0.088205
94.9496 0.00108123 0.0879852
95.142 0.00107796 0.0877655
95.3344 0.0010747 0.0875458
95.5268 0.00107145 0.087326
95.7192 0.00106823 0.0871124
95.9116 0.00106501 0.0868927
96.104 0.00106182 0.0866791
96.2964 0.00105864 0.0864655
96.4888 0.00105548 0.0862518
96.6812 0.00105233 0.0860382
96.8736 0.0010492 0.0858246
97.066 0.00104608 0.0856171
97.2584 0.00104298 0.0854034
97.4508 0.00103989 0.0851959
97.6432 0.00103682 0.0849884
97.8356 0.00103377 0.0847809
98.028 0.00103073 0.0845734
98.2204 0.0010277 0.0843719
98.4128 0.00102469 0.0841644
98.6052 0.00102169 0.083963
98.7976 0.00101871 0.0837555
98.99 0.00101574 0.0835541
99.1824 0.00101279 0.0833527
99.3748 0.00100985 0.0831573
99.5672 0.00100693 0.0829559
99.7596 0.00100402 0.0827545
99.952 0.00100112 0.0825592
100.144 0.00099824 0.0823639
100.337 0.000995372 0.0821686
100.529 0.000992517 0.0819733
100.722 0.000989676 0.081778
100.914 0.000986848 0.0815826
101.106 0.000984034 0.0813873
101.299 0.000981233 0.0811981
101.491 0.000978446 0.0810089
101.684 0.000975671 0.0808136
101.876 0.00097291 0.0806244
102.068 0.000970162 0.0804352
102.261 0.000967426 0.0802521
102.453 0.000964704 0.0800629
102.646 0.000961994 0.0798737
102.838 0.000959297 0.0796906
103.03 0.000956613 0.0795013
103.223 0.000953941 0.0793182
103.415 0.000951281 0.0791351
103.608 0.000948634 0.078952
103.8 0.000945999 0.0787689
103.992 0.000943376 0.0785919
104.185 0.000940765 0.0784088
104.377 0.000938167 0.0782318
104.57 0.00093558 0.0780487
104.762 0.000933005 0.0778717
104.954 0.000930442 0.0776947
105.147 0.000927891 0.0775177
105.339 0.000925351 0.0773407
105.532 0.000922823 0.0771637
105.724 0.000920306 0.0769928
105.916 0.000917802 0.0768158
106.109 0.000915308 0.0766449
106.301 0.000912825 0.0764679
106.494 0.000910354 0.076297
106.686 0.000907893 0.0761261
106.878 0.000905444 0.0759552
107.071 0.000903006 0.0757843
107.263 0.000900579 0.0756134
107.456 0.000898163 0.0754486
107.648 0.000895757 0.0752777
107.84 0.000893362 0.0751129
108.033 0.000890978 0.074942
108.225 0.000888605 0.0747772
108.418 0.000886241 0.0746124
108.61 0.000883889 0.0744476
108.802 0.000881547 0.0742828
108.995 0.000879215 0.074118
109.187 0.000876893 0.0739594
109.38 0.000874582 0.0737946
109.572 0.000872281 0.0736298
109.764 0.00086999 0.0734711
109.957 0.000867708 0.0733124
110.149 0.000865437 0.0731537
110.342 0.000863176 0.0729889
110.534 0.000860924 0.0728302
110.726 0.000858683 0.0726776
110.919 0.000856451 0.0725189
111.111 0.000854229 0.0723602
111.304 0.000852016 0.0722015
111.496 0.000849812 0.072049
111.688 0.000847619 0.0718964
111.881 0.000845435 0.0717377
112.073 0.00084326 0.0715851
112.266 0.000841094 0.0714325
112.458 0.000838938 0.0712799
112.65 0.000836791 0.0711273
112.843 0.000834653 0.0709747
113.035 0.000832524 0.0708221
113.228 0.000830404 0.0706757
113.42 0.000828293 0.0705231
113.612 0.000826192 0.0703705
113.805 0.000824099 0.070224
113.997 0.000822014 0.0700775
114.19 0.000819939 0.069931
114.382 0.000817872 0.0697784
114.574 0.000815814 0.069632
114.767 0.000813765 0.0694855
114.959 0.000811724 0.0693451
115.152 0.000809692 0.0691986
115.344 0.000807668 0.0690521
115.536 0.000805652 0.0689117
115.729 0.000803645 0.0687653
115.921 0.000801647 0.0686249
116.114 0.000799657 0.0684784
116.306 0.000797674 0.068338
116.498 0.0007957 0.0681976
116.691 0.000793734 0.0680573
116.883 0.000791777 0.0679169
117.076 0.000789827 0.0677765
117.268 0.000787885 0.0676361
117.46 0.000785951 0.0674957
117.653 0.000784026 0.0673553
117.845 0.000782107 0.0672211
118.038 0.000780197 0.0670807
118.23 0.000778294 0.0669464
118.422 0.0007764 0.0668121
118.615 0.000774513 0.0666718
118.807 0.000772634 0.0665375
119 0.000770762 0.0664032
119.192 0.000768897 0.0662689
119.384 0.000767041 0.0661346
119.577 0.000765191 0.0660004
119.769 0.00076335 0.0658661
119.962 0.000761515 0.0657318
120.154 0.000759688 0.0656036
120.346 0.000757868 0.0654694
120.539 0.000756055 0.0653412
120.731 0.00075425 0.0652069
120.924 0.000752452 0.0650787
121.116 0.000750661 0.0649506
121.308 0.000748877 0.0648163
121.501 0.0007471 0.0646881
121.693 0.00074533 0.0645599
121.886 0.000743567 0.0644318
122.078 0.000741811 0.0643036
122.27 0.000740062 0.0641754
122.463 0.00073832 0.0640533
122.655 0.000736585 0.0639252
122.848 0.000734856 0.063797
123.04 0.000733134 0.0636749
123.232 0.000731419 0.0635468
123.425 0.000729711 0.0634247
123.617 0.000728009 0.0633026
123.81 0.000726314 0.0631744
124.002 0.000724625 0.0630524
124.194 0.000722943 0.0629303
124.387 0.000721268 0.0628082
124.579 0.000719599 0.0626862
124.772 0.000717936 0.0625641
124.964 0.00071628 0.062442
125.156 0.00071463 0.0623199
125.349 0.000712986 0.0621979
125.541 0.000711349 0.0620819
125.734 0.000709718 0.0619598
125.926 0.000708093 0.0618439
126.118 0.000706475 0.0617218
126.311 0.000704863 0.0616058
126.503 0.000703257 0.0614838
126.696 0.000701656 0.0613678
126.888 0.000700062 0.0612518
127.08 0.000698474 0.0611359
127.273 0.000696892 0.0610199
127.465 0.000695316 0.0609039
127.658 0.000693746 0.060788
127.85 0.000692181 0.060672
128.042 0.000690623 0.060556
128.235 0.00068907 0.0604401
128.427 0.000687524 0.0603241
128.62 0.000685983 0.0602142
128.812 0.000684448 0.0600983
129.004 0.000682918 0.0599823
129.197 0.000681395 0.0598724
129.389 0.000679876 0.0597626
129.582 0.000678364 0.0596466
129.774 0.000676857 0.0595367
129.966 0.000675355 0.0594269
130.159 0.00067386 0.059317
130.351 0.00067237 0.059201
130.544 0.000670885 0.0590912
130.736 0.000669406 0.0589813
130.928 0.000667932 0.0588715
131.121 0.000666463 0.0587677
131.313 0.000665 0.0586578
131.506 0.000663542 0.058548
131.698 0.00066209 0.0584381
131.89 0.000660643 0.0583344
132.083 0.000659201 0.0582245
132.275 0.000657765 0.0581146
132.468 0.000656333 0.0580109
132.66 0.000654907 0.057901
132.852 0.000653486 0.0577972
133.045 0.00065207 0.0576935
133.237 0.000650659 0.0575836
133.43 0.000649254 0.0574799
133.622 0.000647853 0.0573761
133.814 0.000646458 0.0572723
134.007 0.000645067 0.0571686
134.199 0.000643681 0.0570648
134.392 0.0006423 0.0569611
134.584 0.000640925 0.0568573
134.776 0.000639554 0.0567535
134.969 0.000638188 0.0566498
135.161 0.000636827 0.0565521
135.354 0.000635471 0.0564484
135.546 0.00063412 0.0563446
135.738 0.000632773 0.0562469
135.931 0.000631431 0.0561432
136.123 0.000630094 0.0560455
136.316 0.000628762 0.0559418
136.508 0.000627434 0.0558441
136.7 0.000626111 0.0557465
136.893 0.000624792 0.0556427
137.085 0.000623478 0.055545
137.278 0.000622169 0.0554474
137.47 0.000620865 0.0553497
137.662 0.000619564 0.0552521
137.855 0.000618269 0.0551544
138.047 0.000616978 0.0550568
138.24 0.000615692 0.0549591
138.432 0.00061441 0.0548615
138.624 0.000613132 0.0547638
138.817 0.000611859 0.0546661
139.009 0.00061059 0.0545746
139.202 0.000609326 0.0544769
139.394 0.000608066 0.0543793
139.586 0.00060681 0.0542877
139.779 0.000605559 0.0541901
139.971 0.000604312 0.0540985
140.164 0.000603069 0.0540009
140.356 0.00060183 0.0539093
140.548 0.000600596 0.0538116
140.741 0.000599366 0.0537201
140.933 0.00059814 0.0536285
141.126 0.000596919 0.053537
141.318 0.000595701 0.0534393
141.51 0.000594488 0.0533478
141.703 0.000593279 0.0532562
141.895 0.000592073 0.0531647
142.088 0.000590873 0.0530731
142.28 0.000589675 0.0529816
142.472 0.000588483 0.05289
142.665 0.000587293 0.0528046
142.857 0.000586108 0.052713
143.05 0.000584927 0.0526215
143.242 0.00058375 0.0525299
143.434 0.000582578 0.0524384
143.627 0.000581408 0.0523529
143.819 0.000580243 0.0522614
144.012 0.000579081 0.0521759
144.204 0.000577924 0.0520844
144.396 0.000576771 0.0519989
144.589 0.000575621 0.0519073
144.781 0.000574475 0.0518219
144.974 0.000573332 0.0517365
145.166 0.000572194 0.0516449
145.358 0.00057106 0.0515594
145.551 0.000569929 0.051474
145.743 0.000568802 0.0513885
145.936 0.000567678 0.051297
146.128 0.000566558 0.0512115
146.32 0.000565442 0.0511261
146.513 0.00056433 0.0510406
146.705 0.000563221 0.0509552
146.898 0.000562116 0.0508698
147.09 0.000561015 0.0507843
147.282 0.000559917 0.050705
147.475 0.000558823 0.0506195
147.667 0.000557732 0.0505341
147.86 0.000556645 0.0504486
148.052 0.000555561 0.0503632
148.244 0.000554481 0.0502838
148.437 0.000553404 0.0501984
148.629 0.000552331 0.050119
148.822 0.000551262 0.0500336
149.014 0.000550195 0.0499542
149.206 0.000549132 0.0498688
