7.6 -0.0488846 1.34277
7.7924 -0.0470442 1.29929
7.9848 -0.045317 1.25814
8.1772 -0.0436933 1.21914
8.3696 -0.0421647 1.18213
8.562 -0.0407236 1.14698
8.7544 -0.039363 1.11353
8.9468 -0.0380767 1.0817
9.1392 -0.0368593 1.05136
9.3316 -0.0357056 1.02242
9.524 -0.0346111 0.994785
9.7164 -0.0335716 0.968372
9.9088 -0.0325832 0.943104
10.1012 -0.0316426 0.918919
10.2936 -0.0307465 0.895739
10.486 -0.0298921 0.87352
10.6784 -0.0290766 0.852192
10.8708 -0.0282977 0.831717
11.0632 -0.027553 0.812044
11.2556 -0.0268405 0.793118
11.448 -0.0261584 0.774918
11.6404 -0.0255047 0.757388
11.8328 -0.0248778 0.7405
12.0252 -0.0242763 0.724222
12.2176 -0.0236988 0.708524
12.41 -0.0231438 0.69337
12.6024 -0.0226103 0.678742
12.7948 -0.0220969 0.664611
12.9872 -0.0216028 0.650955
13.1796 -0.0211269 0.637742
13.372 -0.0206682 0.624968
13.5644 -0.020226 0.612599
13.7568 -0.0197993 0.600625
13.9492 -0.0193875 0.589018
14.1416 -0.0189898 0.577776
14.334 -0.0186056 0.566881
14.5264 -0.0182342 0.556306
14.7188 -0.017875 0.546043
14.9112 -0.0175275 0.536082
15.1036 -0.0171911 0.526414
15.296 -0.0168654 0.517021
15.4884 -0.0165499 0.507893
15.6808 -0.0162442 0.49902
15.8732 -0.0159477 0.490391
16.0656 -0.0156603 0.481998
16.258 -0.0153813 0.473835
16.4504 -0.0151106 0.465885
16.6428 -0.0148478 0.458149
16.8352 -0.0145925 0.450611
17.0276 -0.0143445 0.443272
17.22 -0.0141034 0.436115
17.4124 -0.013869 0.429142
17.6048 -0.0136411 0.422344
17.7972 -0.0134194 0.415707
17.9896 -0.0132037 0.409245
18.182 -0.0129937 0.402927
18.3744 -0.0127892 0.396768
18.5668 -0.0125901 0.390756
18.7592 -0.0123961 0.384885
18.9516 -0.012207 0.379147
19.144 -0.0120227 0.373544
19.3364 -0.0118431 0.368069
19.5288 -0.0116678 0.362717
19.7212 -0.0114969 0.357486
19.9136 -0.0113301 0.352371
20.106 -0.0111674 0.347366
20.2984 -0.0110085 0.342471
20.4908 -0.0108534 0.337686
20.6832 -0.0107019 0.333005
20.8756 -0.0105539 0.328415
21.068 -0.0104093 0.323929
21.2604 -0.010268 0.319534
21.4528 -0.0101299 0.315231
21.6452 -0.00999486 0.311014
21.8376 -0.00986282 0.306882
22.03 -0.00973368 0.302835
22.2224 -0.00960735 0.298869
22.4148 -0.00948374 0.294987
22.6072 -0.00936278 0.29117
22.7996 -0.00924439 0.287434
22.992 -0.00912848 0.283772
23.1844 -0.00901499 0.280183
23.3768 -0.00890385 0.276659
23.5692 -0.00879499 0.273198
23.7616 -0.00868835 0.269801
23.954 -0.00858385 0.266478
24.1464 -0.00848146 0.26321
24.3388 -0.00838109 0.259996
24.5312 -0.00828271 0.256847
24.7236 -0.00818625 0.253752
24.916 -0.00809166 0.250713
25.1084 -0.0079989 0.247737
25.3008 -0.00790791 0.244798
25.4932 -0.00781864 0.241924
25.6856 -0.00773106 0.239095
25.878 -0.00764511 0.236311
26.0704 -0.00756076 0.233583
26.2628 -0.00747796 0.230891
26.4552 -0.00739668 0.228255
26.6476 -0.00731686 0.225664
26.84 -0.0072385 0.223109
27.0324 -0.00716153 0.220601
27.2248 -0.00708593 0.218129
27.4172 -0.00701166 0.215703
27.6096 -0.0069387 0.213313
27.802 -0.006867 0.21096
27.9944 -0.00679655 0.208653
28.1868 -0.00672731 0.206374
28.3792 -0.00665924 0.204131
28.5716 -0.00659233 0.201933
28.764 -0.00652655 0.199759
28.9564 -0.00646186 0.197623
29.1488 -0.00639825 0.195523
29.3412 -0.00633569 0.193454
29.5336 -0.00627416 0.191415
29.726 -0.00621362 0.189407
29.9184 -0.00615406 0.18743
30.1108 -0.00609547 0.185477
30.3032 -0.00603781 0.18356
30.4956 -0.00598107 0.181668
30.688 -0.00592522 0.179807
30.8804 -0.00587025 0.177969
31.0728 -0.00581613 0.176163
31.2652 -0.00576285 0.17438
31.4576 -0.0057104 0.172623
31.65 -0.00565875 0.170889
31.8424 -0.00560788 0.16918
32.0348 -0.00555778 0.167502
32.2272 -0.00550844 0.165842
32.4196 -0.00545983 0.164206
32.612 -0.00541195 0.162589
32.8044 -0.00536478 0.160995
32.9968 -0.00531829 0.159427
33.1892 -0.00527248 0.157883
33.3816 -0.00522735 0.156351
33.574 -0.00518286 0.154843
33.7664 -0.00513901 0.15336
33.9588 -0.00509579 0.151895
34.1512 -0.00505318 0.150449
34.3436 -0.00501118 0.14902
34.536 -0.00496976 0.14761
34.7284 -0.00492892 0.146219
34.9208 -0.00488866 0.144846
35.1132 -0.00484894 0.143491
35.3056 -0.00480977 0.142154
35.498 -0.00477114 0.140836
35.6904 -0.00473303 0.139529
35.8828 -0.00469545 0.138242
36.0752 -0.00465837 0.136972
36.2676 -0.00462177 0.135721
36.46 -0.00458567 0.134482
36.6524 -0.00455005 0.133255
36.8448 -0.0045149 0.132047
37.0372 -0.00448021 0.130856
37.2296 -0.00444598 0.129672
37.422 -0.00441218 0.128513
37.6144 -0.00437882 0.127359
37.8068 -0.00434589 0.126224
37.9992 -0.00431338 0.125101
38.1916 -0.00428129 0.12399
38.384 -0.00424961 0.122897
38.5764 -0.00421832 0.121811
38.7688 -0.00418742 0.120743
38.9612 -0.00415691 0.119681
39.1536 -0.00412679 0.118637
39.346 -0.00409702 0.117606
39.5384 -0.00406764 0.11658
39.7308 -0.00403861 0.115573
39.9232 -0.00400994 0.114572
40.1156 -0.00398161 0.113583
40.308 -0.00395361 0.112613
40.5004 -0.00392596 0.111649
40.6928 -0.00389866 0.11069
40.8852 -0.00387166 0.10975
41.0776 -0.00384498 0.108817
41.27 -0.00381863 0.107895
41.4624 -0.00379259 0.106979
41.6548 -0.00376683 0.106082
41.8472 -0.0037414 0.105185
42.0396 -0.00371625 0.104306
42.232 -0.00369138 0.103433
42.4244 -0.00366682 0.102567
42.6168 -0.00364253 0.101712
42.8092 -0.00361851 0.10087
43.0016 -0.00359478 0.100034
43.194 -0.00357131 0.0992035
43.3864 -0.0035481 0.0983856
43.5788 -0.00352514 0.09758
43.7712 -0.00350246 0.0967743
43.9636 -0.00348002 0.0959808
44.156 -0.00345782 0.0951996
44.3484 -0.00343586 0.0944244
44.5408 -0.00341416 0.0936554
44.7332 -0.0033927 0.0928925
44.9256 -0.00337145 0.0921417
45.118 -0.00335044 0.0913971
45.3104 -0.00332968 0.0906586
45.5028 -0.00330913 0.0899261
45.6952 -0.00328879 0.0892059
45.8876 -0.00326867 0.0884857
46.08 -0.00324877 0.0877777
46.2724 -0.00322907 0.0870758
46.4648 -0.00320958 0.08638
46.6572 -0.00319029 0.0856964
46.8496 -0.00317122 0.0850128
47.042 -0.00315233 0.0843414
47.2344 -0.00313365 0.08367
47.4268 -0.00311515 0.0830109
47.6192 -0.00309686 0.0823578
47.8116 -0.00307874 0.0817047
48.004 -0.00306082 0.0810638
48.1964 -0.00304307 0.0804291
48.3888 -0.00302549 0.0798004
48.5812 -0.00300812 0.0791718
48.7736 -0.00299089 0.0785553
48.966 -0.00297384 0.0779449
49.1584 -0.00295698 0.0773346
49.3508 -0.00294027 0.0767365
49.5432 -0.00292374 0.0761383
49.7356 -0.00290735 0.0755524
49.928 -0.00289114 0.0749664
50.1204 -0.0028751 0.0743866
50.3128 -0.00285921 0.0738129
50.5052 -0.00284345 0.0732452
50.6976 -0.00282788 0.0726776
50.89 -0.00281242 0.0721222
51.0824 -0.00279715 0.0715668
51.2748 -0.00278201 0.0710175
51.4672 -0.00276699 0.0704742
51.6596 -0.00275214 0.0699371
51.852 -0.00273743 0.0694061
52.0444 -0.00272284 0.0688751
52.2368 -0.00270841 0.0683502
52.4292 -0.00269412 0.0678314
52.6216 -0.00267994 0.0673126
52.814 -0.00266591 0.066806
53.0064 -0.00265199 0.0662994
53.1988 -0.00263821 0.065799
53.3912 -0.00262457 0.0652985
53.5836 -0.00261107 0.0648041
53.776 -0.00259767 0.0643158
53.9684 -0.00258437 0.0638336
54.1608 -0.00257123 0.0633514
54.3532 -0.0025582 0.0628754
54.5456 -0.00254529 0.0623993
54.738 -0.00253247 0.0619293
54.9304 -0.00251979 0.0614655
55.1228 -0.00250722 0.0610077
55.3152 -0.00249475 0.0605499
55.5076 -0.00248243 0.0600922
55.7 -0.00247017 0.0596466
55.8924 -0.00245805 0.059201
56.0848 -0.00244602 0.0587555
56.2772 -0.00243411 0.058316
56.4696 -0.00242231 0.0578827
56.662 -0.00241059 0.0574493
56.8544 -0.00239898 0.0570221
57.0468 -0.00238748 0.056601
57.2392 -0.00237606 0.0561798
57.4316 -0.00236478 0.0557587
57.624 -0.00235357 0.0553436
57.8164 -0.00234244 0.0549347
58.0088 -0.00233144 0.0545258
58.2012 -0.00232051 0.0541229
58.3936 -0.00230969 0.0537201
58.586 -0.00229892 0.0533234
58.7784 -0.0022883 0.0529266
58.9708 -0.00227774 0.052536
59.1632 -0.00226727 0.0521454
59.3556 -0.00225687 0.0517609
59.548 -0.0022466 0.0513763
59.7404 -0.00223638 0.0509918
59.9328 -0.00222626 0.0506195
60.1252 -0.00221623 0.0502411
60.3176 -0.00220626 0.0498688
60.51 -0.00219638 0.0495026
60.7024 -0.00218659 0.0491364
60.8948 -0.00217688 0.0487701
61.0872 -0.00216727 0.04841
61.2796 -0.0021577 0.048056
61.472 -0.00214822 0.047702
61.6644 -0.00213882 0.047348
61.8568 -0.00212951 0.046994
62.0492 -0.00212024 0.0466522
62.2416 -0.00211106 0.0463043
62.434 -0.00210196 0.0459625
62.6264 -0.00209293 0.0456207
62.8188 -0.00208399 0.045285
63.0112 -0.00207509 0.0449493
63.2036 -0.00206626 0.0446198
63.396 -0.00205756 0.0442841
63.5884 -0.00204885 0.0439606
63.7808 -0.00204025 0.043631
63.9732 -0.00203174 0.0433075
64.1656 -0.00202325 0.0429901
64.358 -0.00201484 0.0426727
64.5504 -0.0020065 0.0423553
64.7428 -0.00199823 0.042038
64.9352 -0.00199 0.0417267
65.1276 -0.00198183 0.0414215
65.32 -0.00197378 0.0411102
65.5124 -0.00196575 0.0408051
65.7048 -0.0019578 0.0404999
65.8972 -0.00194986 0.0402008
66.0896 -0.00194204 0.0399017
66.282 -0.00193425 0.0396027
66.4744 -0.00192651 0.0393097
66.6668 -0.00191885 0.0390167
66.8592 -0.00191125 0.0387238
67.0516 -0.00190371 0.0384369
67.244 -0.00189619 0.03815
67.4364 -0.00188878 0.0378632
67.6288 -0.00188139 0.0375763
67.8212 -0.00187406 0.0372955
68.0136 -0.00186679 0.0370148
68.206 -0.00185959 0.0367401
68.3984 -0.00185239 0.0364655
68.5908 -0.00184531 0.0361908
68.7832 -0.00183823 0.0359161
68.9756 -0.00183121 0.0356476
69.168 -0.00182425 0.035379
69.3604 -0.00181735 0.0351105
69.5528 -0.00181051 0.0348419
69.7452 -0.00180372 0.0345795
69.9376 -0.00179694 0.034317
70.13 -0.00179027 0.0340546
70.3224 -0.0017836 0.0337982
70.5148 -0.00177699 0.0335419
70.7072 -0.00177043 0.0332855
70.8996 -0.00176392 0.0330292
71.092 -0.00175742 0.0327789
71.2844 -0.00175102 0.0325287
71.4768 -0.00174462 0.0322784
71.6692 -0.00173832 0.0320282
71.8616 -0.00173202 0.0317841
72.054 -0.00172578 0.0315399
72.2464 -0.00171958 0.0312958
72.4388 -0.00171344 0.0310516
72.6312 -0.00170729 0.0308136
72.8236 -0.00170124 0.0305756
73.016 -0.00169519 0.0303375
73.2084 -0.00168924 0.0300995
73.4008 -0.00168329 0.0298615
73.5932 -0.00167738 0.0296295
73.7856 -0.00167152 0.0293976
73.978 -0.0016657 0.0291656
74.1704 -0.00165994 0.0289398
74.3628 -0.00165422 0.0287079
74.5552 -0.00164848 0.0284821
74.7476 -0.00164285 0.0282562
74.94 -0.00163721 0.0280365
75.1324 -0.00163161 0.0278107
75.3248 -0.00162606 0.0275909
75.5172 -0.00162054 0.0273712
75.7096 -0.00161508 0.0271515
75.902 -0.00160965 0.0269318
76.0944 -0.00160427 0.026712
76.2868 -0.00159893 0.0264984
76.4792 -0.00159357 0.0262848
76.6716 -0.00158831 0.0260712
76.864 -0.00158304 0.0258575
77.0564 -0.00157781 0.02565
77.2488 -0.00157267 0.0254364
77.4412 -0.00156752 0.0252289
77.6336 -0.0015624 0.0250214
77.826 -0.00155733 0.0248138
78.0184 -0.00155223 0.0246124
78.2108 -0.00154723 0.0244049
78.4032 -0.00154228 0.0242035
78.5956 -0.00153729 0.0240021
78.788 -0.00153241 0.0238007
78.9804 -0.00152751 0.0235992
79.1728 -0.00152264 0.0234039
79.3652 -0.00151786 0.0232025
79.5576 -0.00151307 0.0230072
79.75 -0.00150831 0.0228119
79.9424 -0.00150358 0.0226166
80.1348 -0.00149889 0.0224213
80.3272 -0.00149424 0.022226
80.5196 -0.00148956 0.0220367
80.712 -0.00148498 0.0218414
80.9044 -0.00148043 0.0216522
81.0968 -0.00147585 0.021463
81.2892 -0.00147137 0.0212738
81.4816 -0.00146685 0.0210907
81.674 -0.00146238 0.0209015
81.8664 -0.001458 0.0207123
82.0588 -0.00145358 0.0205292
82.2512 -0.0014492 0.0203461
82.4436 -0.00144485 0.020163
82.636 -0.00144054 0.0199799
82.8284 -0.00143625 0.0197968
83.0208 -0.00143193 0.0196198
83.2132 -0.00142771 0.0194366
83.4056 -0.00142352 0.0192596
83.598 -0.00141936 0.0190765
83.7904 -0.00141516 0.0188995
83.9828 -0.00141106 0.0187225
84.1752 -0.00140693 0.0185455
84.3676 -0.00140282 0.0183746
84.56 -0.00139881 0.0181976
84.7524 -0.00139476 0.0180206
84.9448 -0.00139074 0.0178497
85.1372 -0.00138674 0.0176788
85.3296 -0.00138278 0.0175079
85.522 -0.00137891 0.0173309
85.7144 -0.00137501 0.01716
85.9068 -0.00137106 0.0169952
86.0992 -0.0013672 0.0168243
86.2916 -0.00136338 0.0166534
86.484 -0.00135958 0.0164886
86.6764 -0.00135581 0.0163177
86.8688 -0.00135199 0.016153
87.0612 -0.00134827 0.0159882
87.2536 -0.00134458 0.0158173
87.446 -0.00134084 0.0156525
87.6384 -0.0013372 0.0154877
87.8308 -0.00133352 0.0153229
88.0232 -0.00132986 0.0151642
88.2156 -0.00132629 0.0149994
88.408 -0.00132268 0.0148346
88.6004 -0.00131909 0.0146759
88.7928 -0.00131559 0.0145111
88.9852 -0.00131205 0.0143524
89.1776 -0.00130854 0.0141876
89.37 -0.00130505 0.0140289
89.5624 -0.00130158 0.0138702
89.7548 -0.00129813 0.0137115
89.9472 -0.00129471 0.0135529
90.1396 -0.0012913 0.0133942
90.332 -0.00128793 0.0132355
90.5244 -0.00128457 0.0130768
90.7168 -0.00128123 0.0129181
90.9092 -0.00127792 0.0127594
91.1016 -0.00127463 0.0126068
91.294 -0.00127136 0.0124481
91.4864 -0.00126804 0.0122955
91.6788 -0.00126481 0.0121368
91.8712 -0.0012616 0.0119843
92.0636 -0.00125841 0.0118256
92.256 -0.00125517 0.011673
92.4484 -0.00125202 0.0115143
92.6408 -0.00124889 0.0113617
92.8332 -0.00124571 0.0112091
93.0256 -0.00124262 0.0110504
93.218 -0.00123954 0.0108978
93.4104 -0.00123642 0.0107452
93.6028 -0.00123338 0.0105865
93.7952 -0.00123036 0.010434
93.9876 -0.00122729 0.0102814
94.18 -0.00122431 0.0101288
94.3724 -0.00122128 0.0099762
94.5648 -0.00121833 0.0098175
94.7572 -0.00121539 0.00966492
94.9496 -0.00121241 0.00951233
95.142 -0.00120951 0.00935974
95.3344 -0.00120662 0.00920105
95.5268 -0.00120369 0.00904846
95.7192 -0.00120083 0.00889587
95.9116 -0.00119799 0.00873718
96.104 -0.0011951 0.00858459
96.2964 -0.00119229 0.0084259
96.4888 -0.00118949 0.00827332
96.6812 -0.00118671 0.00811462
96.8736 -0.00118387 0.00796204
97.066 -0.00118112 0.00780334
97.2584 -0.00117837 0.00764465
97.4508 -0.00117564 0.00748596
97.6432 -0.00117292 0.00732727
97.8356 -0.00117021 0.00716858
98.028 -0.00116757 0.00700378
98.2204 -0.00116488 0.00684509
98.4128 -0.0011622 0.0066803
98.6052 -0.00115959 0.0065155
98.7976 -0.00115693 0.00635071
98.99 -0.00115434 0.00618591
99.1824 -0.00115169 0.00602112
99.3748 -0.00114911 0.00585022
99.5672 -0.00114654 0.00567932
99.7596 -0.00114403 0.00550232
99.952 -0.00114146 0.00533142
100.144 -0.0011389 0.00515442
100.337 -0.0011364 0.00497131
100.529 -0.00113389 0.00478821
100.722 -0.00113144 0.004599
100.914 -0.00112894 0.00440979
101.106 -0.00112648 0.00421448
101.299 -0.00112401 0.00401917
101.491 -0.00112159 0.00381165
101.684 -0.00111919 0.00359802
101.876 -0.00111674 0.0033844
102.068 -0.00111436 0.00315247
102.261 -0.00111199 0.00291443
102.453 -0.00110963 0.00265808
102.646 -0.00110726 0.00238953
102.838 -0.00110491 0.00209045
103.03 -0.00110257 0.00176086
103.223 -0.00110026 0.00136414
103.415 -0.00109794 0.00083313
