7.6 0.0551124 3.05176e-06
7.7924 0.0530839 3.05176e-06
7.9848 0.0443204 2.02046
8.1772 0.0427655 1.96391
8.3696 0.0412993 1.91053
8.562 0.0399151 1.86001
8.7544 0.0386065 1.81212
8.9468 0.0373679 1.76664
9.1392 0.0361941 1.72337
9.3316 0.0350805 1.68214
9.524 0.0340229 1.6428
9.7164 0.0330173 1.60523
9.9088 0.0320604 1.5693
10.1012 0.0311488 1.5349
10.2936 0.0302795 1.50193
10.486 0.02945 1.4703
10.6784 0.0286577 1.43994
10.8708 0.0279002 1.41076
11.0632 0.0271756 1.38269
11.2556 0.0264818 1.35568
11.448 0.025817 1.32966
11.6404 0.0251796 1.30459
11.8328 0.024568 1.2804
12.0252 0.0239807 1.25705
12.2176 0.0234165 1.23451
12.41 0.022874 1.21271
12.6024 0.0223522 1.19165
12.7948 0.0218499 1.17127
12.9872 0.0213662 1.15155
13.1796 0.0209 1.13244
13.372 0.0204506 1.11393
13.5644 0.020017 1.09598
13.7568 0.0195986 1.07857
13.9492 0.0191945 1.06168
14.1416 0.0188041 1.04529
14.334 0.0184268 1.02937
14.5264 0.0180619 1.01391
14.7188 0.0177089 0.998875
14.9112 0.0173673 0.984257
15.1036 0.0170365 0.970036
15.296 0.0167161 0.956203
15.4884 0.0164055 0.942738
15.6808 0.0161045 0.929623
15.8732 0.0158126 0.916851
16.0656 0.0155294 0.904408
16.258 0.0152546 0.892279
16.4504 0.0149877 0.880455
16.6428 0.0147286 0.868919
16.8352 0.0144768 0.857672
17.0276 0.0142321 0.846692
17.22 0.0139943 0.835974
17.4124 0.013763 0.825509
17.6048 0.013538 0.815285
17.7972 0.013319 0.805301
17.9896 0.0131059 0.795541
18.182 0.0128985 0.786008
18.3744 0.0126964 0.776682
18.5668 0.0124996 0.767563
18.7592 0.0123078 0.758646
18.9516 0.0121208 0.749918
19.144 0.0119386 0.741379
19.3364 0.0117608 0.733023
19.5288 0.0115874 0.724844
19.7212 0.0114183 0.71683
19.9136 0.0112532 0.708981
20.106 0.0110921 0.701297
20.2984 0.0109347 0.693765
20.4908 0.0107811 0.686384
20.6832 0.010631 0.679148
20.8756 0.0104844 0.672055
21.068 0.0103411 0.665097
21.2604 0.010201 0.658277
21.4528 0.0100641 0.651585
21.6452 0.00993021 0.645021
21.8376 0.00979927 0.638581
22.03 0.00967117 0.632257
22.2224 0.00954585 0.626052
22.4148 0.00942321 0.619958
22.6072 0.00930317 0.613977
22.7996 0.00918566 0.608102
22.992 0.0090706 0.602334
23.1844 0.00895792 0.596663
23.3768 0.00884756 0.591096
23.5692 0.00873944 0.585622
23.7616 0.00863351 0.580247
23.954 0.00852971 0.574965
24.1464 0.00842796 0.569765
24.3388 0.00832822 0.564656
24.5312 0.00823044 0.55963
24.7236 0.00813455 0.554686
24.916 0.00804051 0.549834
25.1084 0.00794827 0.545045
25.3008 0.00785778 0.540349
25.4932 0.00776899 0.535716
25.6856 0.00768187 0.531166
25.878 0.00759635 0.52668
26.0704 0.00751242 0.522267
26.2628 0.00743002 0.517928
26.4552 0.00734911 0.513652
26.6476 0.00726966 0.509441
26.84 0.00719163 0.505293
27.0324 0.00711499 0.50121
27.2248 0.0070397 0.497189
27.4172 0.00696573 0.493221
27.6096 0.00689305 0.489315
27.802 0.00682162 0.48547
27.9944 0.00675141 0.481686
28.1868 0.00668241 0.477947
28.3792 0.00661456 0.474262
28.5716 0.00654786 0.470638
28.764 0.00648228 0.46706
28.9564 0.00641778 0.463535
29.1488 0.00635434 0.460056
29.3412 0.00629194 0.456623
29.5336 0.00623056 0.453243
29.726 0.00617017 0.449909
29.9184 0.00611074 0.446621
30.1108 0.00605227 0.443378
30.3032 0.00599472 0.440174
30.4956 0.00593808 0.437016
30.688 0.00588232 0.433903
30.8804 0.00582743 0.430828
31.0728 0.00577339 0.427792
31.2652 0.00572018 0.424793
31.4576 0.00566779 0.421841
31.65 0.00561618 0.418926
31.8424 0.00556536 0.416042
32.0348 0.0055153 0.413197
32.2272 0.00546598 0.410397
32.4196 0.00541739 0.407619
32.612 0.00536952 0.404881
32.8044 0.00532235 0.40218
32.9968 0.00527587 0.399509
33.1892 0.00523006 0.396872
33.3816 0.00518491 0.394272
33.574 0.00514041 0.391696
33.7664 0.00509653 0.389157
33.9588 0.00505328 0.386642
34.1512 0.00501064 0.384164
34.3436 0.00496859 0.381711
34.536 0.00492713 0.379288
34.7284 0.00488624 0.376895
34.9208 0.00484592 0.374533
35.1132 0.00480614 0.372189
35.3056 0.00476691 0.369882
35.498 0.00472821 0.367593
35.6904 0.00469002 0.365335
35.8828 0.00465235 0.363107
36.0752 0.00461519 0.360898
36.2676 0.00457851 0.358713
36.46 0.00454232 0.356558
36.6524 0.0045066 0.354422
36.8448 0.00447134 0.35231
37.0372 0.00443655 0.350223
37.2296 0.0044022 0.34816
37.422 0.00436829 0.346121
37.6144 0.00433482 0.344101
37.8068 0.00430177 0.342105
37.9992 0.00426914 0.340128
38.1916 0.00423692 0.338174
38.384 0.00420511 0.33624
38.5764 0.00417369 0.334323
38.7688 0.00414266 0.332431
38.9612 0.00411201 0.330557
39.1536 0.00408174 0.328702
39.346 0.00405183 0.326871
39.5384 0.0040223 0.325052
39.7308 0.00399311 0.323257
39.9232 0.00396428 0.321475
40.1156 0.0039358 0.319717
40.308 0.00390765 0.317972
40.5004 0.00387984 0.316251
40.6928 0.00385236 0.314542
40.8852 0.0038252 0.312851
41.0776 0.00379835 0.311179
41.27 0.00377182 0.309518
41.4624 0.0037456 0.307877
41.6548 0.00371968 0.306253
41.8472 0.00369405 0.304648
42.0396 0.00366872 0.303049
42.232 0.00364368 0.301474
42.4244 0.00361892 0.299913
42.6168 0.00359444 0.298366
42.8092 0.00357024 0.296828
43.0016 0.00354631 0.295308
43.194 0.00352264 0.293806
43.3864 0.00349923 0.292323
43.5788 0.00347608 0.29084
43.7712 0.00345319 0.289384
43.9636 0.00343055 0.287929
44.156 0.00340815 0.286501
44.3484 0.00338599 0.285072
44.5408 0.00336408 0.283672
44.7332 0.0033424 0.282271
44.9256 0.00332095 0.280888
45.118 0.00329973 0.279515
45.3104 0.00327874 0.27816
45.5028 0.00325796 0.276814
45.6952 0.00323741 0.275478
45.8876 0.00321707 0.274159
46.08 0.00319694 0.27285
46.2724 0.00317702 0.27155
46.4648 0.00315731 0.270259
46.6572 0.0031378 0.268987
46.8496 0.00311849 0.267723
47.042 0.00309938 0.266469
47.2344 0.00308046 0.265224
47.4268 0.00306174 0.263997
47.6192 0.0030432 0.26277
47.8116 0.00302485 0.261562
48.004 0.00300668 0.260362
48.1964 0.0029887 0.259172
48.3888 0.00297089 0.257991
48.5812 0.00295326 0.256819
48.7736 0.0029358 0.255656
48.966 0.00291851 0.254503
49.1584 0.0029014 0.253368
49.3508 0.00288445 0.252232
49.5432 0.00286766 0.251106
49.7356 0.00285104 0.249998
49.928 0.00283457 0.248891
50.1204 0.00281827 0.247792
50.3128 0.00280212 0.246712
50.5052 0.00278612 0.245631
50.6976 0.00277028 0.24456
50.89 0.00275458 0.243498
51.0824 0.00273903 0.242455
51.2748 0.00272363 0.241411
51.4672 0.00270837 0.240376
51.6596 0.00269326 0.239342
51.852 0.00267828 0.238326
52.0444 0.00266344 0.237318
52.2368 0.00264874 0.236311
52.4292 0.00263417 0.235313
52.6216 0.00261974 0.234334
52.814 0.00260544 0.233354
53.0064 0.00259127 0.232375
53.1988 0.00257722 0.231413
53.3912 0.0025633 0.230461
53.5836 0.00254951 0.229509
53.776 0.00253584 0.228566
53.9684 0.00252229 0.227632
54.1608 0.00250886 0.226698
54.3532 0.00249555 0.225783
54.5456 0.00248236 0.224867
54.738 0.00246928 0.223961
54.9304 0.00245632 0.223055
55.1228 0.00244347 0.222157
55.3152 0.00243074 0.221278
55.5076 0.00241811 0.22039
55.7 0.00240559 0.219521
55.8924 0.00239318 0.218651
56.0848 0.00238088 0.21779
56.2772 0.00236868 0.21693
56.4696 0.00235658 0.216087
56.662 0.00234459 0.215236
56.8544 0.0023327 0.214403
57.0468 0.00232091 0.21357
57.2392 0.00230922 0.212746
57.4316 0.00229762 0.211931
57.624 0.00228612 0.211116
57.8164 0.00227472 0.21031
58.0088 0.00226342 0.209505
58.2012 0.0022522 0.208708
58.3936 0.00224108 0.207921
58.586 0.00223005 0.207133
58.7784 0.00221911 0.206355
58.9708 0.00220826 0.205577
59.1632 0.00219749 0.204808
59.3556 0.00218682 0.204048
59.548 0.00217623 0.203288
59.7404 0.00216572 0.202538
59.9328 0.0021553 0.201787
60.1252 0.00214497 0.201045
60.3176 0.00213471 0.200304
60.51 0.00212454 0.19957
60.7024 0.00211445 0.198843
60.8948 0.00210443 0.198117
61.0872 0.0020945 0.197403
61.2796 0.00208464 0.196689
61.472 0.00207486 0.195981
61.6644 0.00206516 0.195273
61.8568 0.00205553 0.194577
62.0492 0.00204598 0.193881
62.2416 0.0020365 0.193192
62.434 0.00202709 0.192508
62.6264 0.00201776 0.191824
62.8188 0.0020085 0.191147
63.0112 0.00199931 0.190475
63.2036 0.00199018 0.18981
63.396 0.00198113 0.189145
63.5884 0.00197215 0.188486
63.7808 0.00196323 0.187833
63.9732 0.00195438 0.18718
64.1656 0.0019456 0.186533
64.358 0.00193688 0.185892
64.5504 0.00192822 0.185251
64.7428 0.00191964 0.184616
64.9352 0.00191111 0.183987
65.1276 0.00190265 0.183359
65.32 0.00189425 0.182736
65.5124 0.00188591 0.18212
65.7048 0.00187763 0.181503
65.8972 0.00186942 0.180893
66.0896 0.00186126 0.180283
66.282 0.00185316 0.179684
66.4744 0.00184512 0.17908
66.6668 0.00183714 0.178488
66.8592 0.00182921 0.177896
67.0516 0.00182135 0.177304
67.244 0.00181354 0.176718
67.4364 0.00180578 0.176138
67.6288 0.00179808 0.175558
67.8212 0.00179043 0.174985
68.0136 0.00178284 0.174417
68.206 0.0017753 0.173843
68.3984 0.00176782 0.173282
68.5908 0.00176039 0.17272
68.7832 0.001753 0.172165
68.9756 0.00174568 0.171609
69.168 0.0017384 0.17106
69.3604 0.00173117 0.170511
69.5528 0.00172399 0.169968
69.7452 0.00171686 0.169424
69.9376 0.00170978 0.168887
70.13 0.00170275 0.16835
70.3224 0.00169577 0.167819
70.5148 0.00168883 0.167288
70.7072 0.00168194 0.166763
70.8996 0.0016751 0.166245
71.092 0.00166831 0.165726
71.2844 0.00166156 0.165207
71.4768 0.00165485 0.164694
71.6692 0.00164819 0.164182
71.8616 0.00164158 0.163675
72.054 0.00163501 0.163168
72.2464 0.00162848 0.162668
72.4388 0.001622 0.162167
72.6312 0.00161556 0.161673
72.8236 0.00160916 0.161179
73.016 0.0016028 0.160684
73.2084 0.00159649 0.160196
73.4008 0.00159022 0.159714
73.5932 0.00158398 0.159232
73.7856 0.00157779 0.158749
73.978 0.00157164 0.158273
74.1704 0.00156553 0.157797
74.3628 0.00155946 0.157327
74.5552 0.00155343 0.156857
74.7476 0.00154743 0.156393
74.94 0.00154148 0.155923
75.1324 0.00153556 0.155466
75.3248 0.00152968 0.155008
75.5172 0.00152384 0.15455
75.7096 0.00151803 0.154092
75.902 0.00151227 0.153641
76.0944 0.00150653 0.153195
76.2868 0.00150084 0.152744
76.4792 0.00149518 0.152304
76.6716 0.00148955 0.151859
76.864 0.00148396 0.151419
77.0564 0.00147841 0.15098
77.2488 0.00147289 0.150546
77.4412 0.00146741 0.150113
77.6336 0.00146195 0.149686
77.826 0.00145654 0.149252
78.0184 0.00145115 0.148831
78.2108 0.0014458 0.148404
78.4032 0.00144048 0.147983
78.5956 0.0014352 0.147562
78.788 0.00142994 0.147147
78.9804 0.00142472 0.146732
79.1728 0.00141953 0.146317
79.3652 0.00141437 0.145908
79.5576 0.00140924 0.145499
79.75 0.00140415 0.145096
79.9424 0.00139908 0.144687
80.1348 0.00139405 0.144284
80.3272 0.00138904 0.143887
80.5196 0.00138406 0.143484
80.712 0.00137912 0.143094
80.9044 0.0013742 0.142697
81.0968 0.00136931 0.142307
81.2892 0.00136446 0.141916
81.4816 0.00135963 0.141525
81.674 0.00135482 0.141141
81.8664 0.00135005 0.140756
82.0588 0.00134531 0.140372
82.2512 0.00134059 0.139993
82.4436 0.0013359 0.139615
82.636 0.00133124 0.139236
82.8284 0.0013266 0.138864
83.0208 0.00132199 0.138492
83.2132 0.00131741 0.13812
83.4056 0.00131285 0.137747
83.598 0.00130832 0.137381
83.7904 0.00130382 0.137015
83.9828 0.00129934 0.136649
84.1752 0.00129489 0.136288
84.3676 0.00129046 0.135928
84.56 0.00128606 0.135568
84.7524 0.00128169 0.135214
84.9448 0.00127733 0.134854
85.1372 0.00127301 0.134506
85.3296 0.0012687 0.134152
85.522 0.00126442 0.133804
85.7144 0.00126017 0.13345
85.9068 0.00125594 0.133109
86.0992 0.00125173 0.132761
86.2916 0.00124755 0.132419
86.484 0.00124339 0.132077
86.6764 0.00123925 0.131735
86.8688 0.00123513 0.1314
87.0612 0.00123104 0.131058
87.2536 0.00122697 0.130722
87.446 0.00122293 0.130392
87.6384 0.0012189 0.130057
87.8308 0.0012149 0.129727
88.0232 0.00121092 0.129398
88.2156 0.00120696 0.129068
88.408 0.00120302 0.128745
88.6004 0.0011991 0.128421
88.7928 0.00119521 0.128098
88.9852 0.00119133 0.127774
89.1776 0.00118748 0.127457
89.37 0.00118365 0.127133
89.5624 0.00117984 0.126816
89.7548 0.00117605 0.126505
89.9472 0.00117227 0.126187
90.1396 0.00116852 0.125876
90.332 0.00116479 0.125565
90.5244 0.00116108 0.125253
90.7168 0.00115739 0.124948
90.9092 0.00115372 0.124637
91.1016 0.00115006 0.124332
91.294 0.00114643 0.124026
91.4864 0.00114282 0.123727
91.6788 0.00113922 0.123422
91.8712 0.00113564 0.123123
92.0636 0.00113208 0.122824
92.256 0.00112855 0.122525
92.4484 0.00112502 0.122232
92.6408 0.00112152 0.121933
92.8332 0.00111804 0.12164
93.0256 0.00111457 0.121347
93.218 0.00111112 0.121054
93.4104 0.00110769 0.120767
93.6028 0.00110428 0.12048
93.7952 0.00110088 0.120193
93.9876 0.0010975 0.119907
94.18 0.00109414 0.11962
94.3724 0.0010908 0.119333
94.5648 0.00108747 0.119052
94.7572 0.00108416 0.118771
94.9496 0.00108087 0.118491
95.142 0.00107759 0.118216
95.3344 0.00107433 0.117935
95.5268 0.00107108 0.117661
95.7192 0.00106786 0.117386
95.9116 0.00106465 0.117111
96.104 0.00106145 0.116837
96.2964 0.00105827 0.116568
96.4888 0.00105511 0.116293
96.6812 0.00105196 0.116025
96.8736 0.00104883 0.115756
97.066 0.00104571 0.115488
97.2584 0.00104261 0.115225
97.4508 0.00103952 0.114963
97.6432 0.00103645 0.114694
97.8356 0.0010334 0.114432
98.028 0.00103036 0.114169
98.2204 0.00102733 0.113913
98.4128 0.00102432 0.113651
98.6052 0.00102132 0.113394
98.7976 0.00101834 0.113138
98.99 0.00101537 0.112881
99.1824 0.00101242 0.112625
99.3748 0.00100948 0.112369
99.5672 0.00100656 0.112119
99.7596 0.00100365 0.111868
99.952 0.00100075 0.111618
100.144 0.000997867 0.111368
100.337 0.000994998 0.111118
100.529 0.000992143 0.110867
100.722 0.000989302 0.110623
100.914 0.000986474 0.110379
101.106 0.00098366 0.110135
101.299 0.000980859 0.109891
101.491 0.000978071 0.109647
101.684 0.000975296 0.109402
101.876 0.000972535 0.109164
102.068 0.000969786 0.10892
102.261 0.000967051 0.108682
102.453 0.000964328 0.108444
102.646 0.000961618 0.108212
102.838 0.000958921 0.107974
103.03 0.000956236 0.107736
103.223 0.000953564 0.107504
103.415 0.000950904 0.107272
103.608 0.000948257 0.10704
103.8 0.000945622 0.106808
103.992 0.000942999 0.106577
104.185 0.000940388 0.106345
104.377 0.000937789 0.106119
104.57 0.000935202 0.105893
104.762 0.000932627 0.105667
104.954 0.000930064 0.105435
105.147 0.000927512 0.105215
105.339 0.000924972 0.10499
105.532 0.000922444 0.104764
105.724 0.000919927 0.104544
105.916 0.000917422 0.104324
106.109 0.000914928 0.104099
106.301 0.000912445 0.103879
106.494 0.000909973 0.103659
106.686 0.000907513 0.103445
106.878 0.000905064 0.103226
107.071 0.000902625 0.103012
107.263 0.000900198 0.102792
107.456 0.000897781 0.102579
107.648 0.000895376 0.102365
107.84 0.000892981 0.102151
108.033 0.000890596 0.101938
108.225 0.000888223 0.10173
108.418 0.000885859 0.101517
108.61 0.000883506 0.101309
108.802 0.000881164 0.101096
108.995 0.000878832 0.100888
109.187 0.00087651 0.100681
109.38 0.000874199 0.100473
109.572 0.000871897 0.100272
109.764 0.000869606 0.100064
109.957 0.000867325 0.0998566
110.149 0.000865053 0.0996552
110.342 0.000862792 0.0994537
110.534 0.00086054 0.0992523
110.726 0.000858298 0.0990509
110.919 0.000856066 0.0988495
111.111 0.000853843 0.0986481
111.304 0.000851631 0.0984467
111.496 0.000849427 0.0982513
111.688 0.000847233 0.0980499
111.881 0.000845049 0.0978546
112.073 0.000842874 0.0976593
112.266 0.000840708 0.097464
112.458 0.000838552 0.0972687
112.65 0.000836404 0.0970734
112.843 0.000834266 0.0968842
113.035 0.000832137 0.0966888
113.228 0.000830017 0.0964935
113.42 0.000827906 0.0963043
113.612 0.000825804 0.0961151
113.805 0.000823711 0.0959259
113.997 0.000821626 0.0957367
114.19 0.000819551 0.0955475
114.382 0.000817484 0.0953583
114.574 0.000815426 0.0951691
114.767 0.000813376 0.094986
114.959 0.000811335 0.0947968
115.152 0.000809303 0.0946136
115.344 0.000807279 0.0944305
115.536 0.000805263 0.0942474
115.729 0.000803256 0.0940643
115.921 0.000801257 0.0938812
116.114 0.000799266 0.0936981
116.306 0.000797284 0.093515
116.498 0.00079531 0.093338
116.691 0.000793344 0.0931549
116.883 0.000791386 0.0929779
117.076 0.000789436 0.0927948
117.268 0.000787494 0.0926178
117.46 0.00078556 0.0924408
117.653 0.000783634 0.0922638
117.845 0.000781716 0.0920868
118.038 0.000779805 0.0919098
118.23 0.000777902 0.0917389
118.422 0.000776008 0.0915619
118.615 0.00077412 0.091391
118.807 0.000772241 0.091214
119 0.000770369 0.0910431
119.192 0.000768504 0.0908722
119.384 0.000766647 0.0907013
119.577 0.000764798 0.0905304
119.769 0.000762956 0.0903595
119.962 0.000761121 0.0901886
120.154 0.000759294 0.0900177
120.346 0.000757474 0.0898529
120.539 0.000755661 0.089682
120.731 0.000753855 0.0895172
120.924 0.000752057 0.0893463
121.116 0.000750266 0.0891815
121.308 0.000748482 0.0890167
121.501 0.000746705 0.0888519
121.693 0.000744934 0.0886871
121.886 0.000743171 0.0885223
122.078 0.000741415 0.0883575
122.27 0.000739666 0.0881989
122.463 0.000737924 0.0880341
122.655 0.000736188 0.0878754
122.848 0.000734459 0.0877106
123.04 0.000732737 0.0875519
123.232 0.000731022 0.0873932
123.425 0.000729314 0.0872284
123.617 0.000727612 0.0870697
123.81 0.000725916 0.086911
124.002 0.000724228 0.0867523
124.194 0.000722545 0.0865997
124.387 0.00072087 0.086441
124.579 0.0007192 0.0862823
124.772 0.000717538 0.0861298
124.964 0.000715881 0.0859711
125.156 0.000714231 0.0858185
125.349 0.000712587 0.0856598
125.541 0.00071095 0.0855072
125.734 0.000709319 0.0853546
125.926 0.000707694 0.085202
126.118 0.000706075 0.0850494
126.311 0.000704463 0.0848969
126.503 0.000702856 0.0847443
126.696 0.000701256 0.0845978
126.888 0.000699662 0.0844452
127.08 0.000698073 0.0842926
127.273 0.000696491 0.0841461
127.465 0.000694915 0.0839996
127.658 0.000693344 0.083847
127.85 0.00069178 0.0837006
128.042 0.000690221 0.0835541
128.235 0.000688669 0.0834076
128.427 0.000687122 0.0832611
128.62 0.000685581 0.0831146
128.812 0.000684045 0.0829681
129.004 0.000682516 0.0828217
129.197 0.000680992 0.0826752
129.389 0.000679473 0.0825348
129.582 0.000677961 0.0823883
129.774 0.000676454 0.0822479
129.966 0.000674952 0.0821014
130.159 0.000673456 0.0819611
130.351 0.000671966 0.0818207
130.544 0.000670481 0.0816742
130.736 0.000669001 0.0815338
130.928 0.000667527 0.0813934
131.121 0.000666059 0.0812531
131.313 0.000664595 0.0811127
131.506 0.000663138 0.0809784
131.698 0.000661685 0.080838
131.89 0.000660238 0.0806976
132.083 0.000658796 0.0805573
132.275 0.000657359 0.080423
132.468 0.000655927 0.0802826
132.66 0.000654501 0.0801483
132.852 0.00065308 0.080014
133.045 0.000651664 0.0798737
133.237 0.000650253 0.0797394
133.43 0.000648847 0.0796051
133.622 0.000647446 0.0794708
133.814 0.00064605 0.0793365
134.007 0.00064466 0.0792023
134.199 0.000643274 0.079068
134.392 0.000641893 0.0789337
134.584 0.000640517 0.0788055
134.776 0.000639146 0.0786713
134.969 0.00063778 0.078537
135.161 0.000636419 0.0784088
135.354 0.000635062 0.0782745
135.546 0.000633711 0.0781464
135.738 0.000632364 0.0780182
135.931 0.000631022 0.0778839
136.123 0.000629685 0.0777557
136.316 0.000628352 0.0776276
136.508 0.000627024 0.0774994
136.7 0.000625701 0.0773712
136.893 0.000624382 0.077243
137.085 0.000623068 0.0771149
137.278 0.000621759 0.0769867
137.47 0.000620454 0.0768646
137.662 0.000619154 0.0767365
137.855 0.000617858 0.0766083
138.047 0.000616567 0.0764862
138.24 0.00061528 0.076358
138.432 0.000613998 0.076236
138.624 0.00061272 0.0761078
138.817 0.000611447 0.0759857
139.009 0.000610178 0.0758636
139.202 0.000608914 0.0757416
139.394 0.000607653 0.0756134
139.586 0.000606398 0.0754913
139.779 0.000605146 0.0753693
139.971 0.000603899 0.0752472
140.164 0.000602656 0.0751251
140.356 0.000601417 0.0750092
140.548 0.000600183 0.0748871
140.741 0.000598953 0.074765
140.933 0.000597727 0.0746429
141.126 0.000596505 0.074527
141.318 0.000595287 0.0744049
141.51 0.000594073 0.0742889
141.703 0.000592864 0.0741669
141.895 0.000591659 0.0740509
142.088 0.000590457 0.0739288
142.28 0.00058926 0.0738129
142.472 0.000588067 0.0736969
142.665 0.000586878 0.0735809
142.857 0.000585693 0.073465
143.05 0.000584512 0.073349
143.242 0.000583334 0.073233
143.434 0.000582161 0.0731171
143.627 0.000580992 0.0730011
143.819 0.000579826 0.0728851
144.012 0.000578665 0.0727692
144.204 0.000577507 0.0726532
144.396 0.000576353 0.0725433
144.589 0.000575204 0.0724274
144.781 0.000574057 0.0723175
144.974 0.000572915 0.0722015
145.166 0.000571777 0.0720917
145.358 0.000570642 0.0719757
145.551 0.000569511 0.0718658
145.743 0.000568383 0.0717499
145.936 0.00056726 0.07164
146.128 0.00056614 0.0715302
146.32 0.000565024 0.0714203
146.513 0.000563911 0.0713104
146.705 0.000562802 0.0712006
146.898 0.000561697 0.0710907
147.09 0.000560595 0.0709808
147.282 0.000559497 0.070871
147.475 0.000558403 0.0707611
147.667 0.000557312 0.0706512
147.86 0.000556225 0.0705414
148.052 0.000555141 0.0704376
148.244 0.00055406 0.0703278
148.437 0.000552984 0.0702179
148.629 0.00055191 0.0701141
148.822 0.00055084 0.0700043
149.014 0.000549774 0.0699005
149.206 0.000548711 0.0697906
149.399 0.000547651 0.0696869
149.591 0.000546595 0.0695831
149.784 0.000545542 0.0694794
149.976 0.000544493 0.0693695
150.168 0.000543447 0.0692657
150.361 0.000542404 0.069162
150.553 0.000541365 0.0690582
150.746 0.000540329 0.0689545
150.938 0.000539296 0.0688507
151.13 0.000538267 0.0687469
151.323 0.000537241 0.0686432
151.515 0.000536218 0.0685394
151.708 0.000535198 0.0684357
151.9 0.000534182 0.068338
152.092 0.000533168 0.0682343
152.285 0.000532158 0.0681305
152.477 0.000531151 0.0680328
152.67 0.000530148 0.0679291
152.862 0.000529147 0.0678314
153.054 0.00052815 0.0677277
153.247 0.000527156 0.06763
153.439 0.000526164 0.0675262
153.632 0.000525176 0.0674286
153.824 0.000524191 0.0673309
154.016 0.00052321 0.0672272
154.209 0.000522231 0.0671295
154.401 0.000521255 0.0670319
154.594 0.000520282 0.0669342
154.786 0.000519313 0.0668365
154.978 0.000518346 0.0667389
155.171 0.000517382 0.0666412
155.363 0.000516421 0.0665436
155.556 0.000515464 0.0664459
155.748 0.000514509 0.0663483
155.94 0.000513557 0.0662506
156.133 0.000512608 0.066153
156.325 0.000511662 0.0660614
156.518 0.000510719 0.0659637
156.71 0.000509779 0.0658661
156.902 0.000508842 0.0657684
157.095 0.000507907 0.0656769
157.287 0.000506976 0.0655792
157.48 0.000506047 0.0654877
157.672 0.000505121 0.06539
157.864 0.000504198 0.0652985
158.057 0.000503278 0.0652069
158.249 0.00050236 0.0651093
158.442 0.000501445 0.0650177
158.634 0.000500533 0.0649261
158.826 0.000499624 0.0648285
159.019 0.000498718 0.0647369
159.211 0.000497814 0.0646454
159.404 0.000496913 0.0645538
159.596 0.000496015 0.0644623
159.788 0.000495119 0.0643707
159.981 0.000494227 0.0642792
160.173 0.000493336 0.0641876
160.366 0.000492449 0.0640961
160.558 0.000491564 0.0640045
160.75 0.000490682 0.063913
160.943 0.000489802 0.0638275
161.135 0.000488925 0.063736
161.328 0.000488051 0.0636444
161.52 0.000487179 0.0635529
161.712 0.00048631 0.0634674
161.905 0.000485444 0.0633759
162.097 0.00048458 0.0632904
162.29 0.000483718 0.0631989
162.482 0.000482859 0.0631134
162.674 0.000482003 0.0630219
162.867 0.000481149 0.0629364
163.059 0.000480298 0.0628448
163.252 0.000479449 0.0627594
163.444 0.000478603 0.062674
163.636 0.000477759 0.0625824
163.829 0.000476918 0.0624969
164.021 0.000476079 0.0624115
164.214 0.000475243 0.062326
164.406 0.000474409 0.0622406
164.598 0.000473577 0.062149
164.791 0.000472748 0.0620636
164.983 0.000471922 0.0619781
165.176 0.000471097 0.0618927
165.368 0.000470275 0.0618073
165.56 0.000469456 0.0617218
165.753 0.000468639 0.0616425
165.945 0.000467824 0.061557
166.138 0.000467012 0.0614716
166.33 0.000466202 0.0613861
166.522 0.000465394 0.0613007
166.715 0.000464589 0.0612213
166.907 0.000463786 0.0611359
167.1 0.000462985 0.0610504
167.292 0.000462187 0.0609711
167.484 0.000461391 0.0608856
167.677 0.000460597 0.0608063
167.869 0.000459805 0.0607208
168.062 0.000459016 0.0606415
168.254 0.000458229 0.060556
168.446 0.000457444 0.0604767
168.639 0.000456661 0.0603912
168.831 0.000455881 0.0603119
169.024 0.000455103 0.0602325
169.216 0.000454327 0.0601471
169.408 0.000453553 0.0600677
169.601 0.000452782 0.0599884
169.793 0.000452013 0.0599091
169.986 0.000451245 0.0598297
170.178 0.00045048 0.0597443
170.37 0.000449718 0.0596649
170.563 0.000448957 0.0595856
170.755 0.000448198 0.0595062
170.948 0.000447442 0.0594269
171.14 0.000446688 0.0593475
171.332 0.000445936 0.0592682
171.525 0.000445186 0.0591888
171.717 0.000444438 0.0591156
171.91 0.000443692 0.0590363
172.102 0.000442948 0.0589569
172.294 0.000442206 0.0588776
172.487 0.000441467 0.0587982
172.679 0.000440729 0.058725
172.872 0.000439994 0.0586456
173.064 0.00043926 0.0585663
173.256 0.000438529 0.058493
173.449 0.000437799 0.0584137
173.641 0.000437072 0.0583405
173.834 0.000436347 0.0582611
174.026 0.000435623 0.0581879
174.218 0.000434902 0.0581085
174.411 0.000434182 0.0580353
174.603 0.000433465 0.0579559
174.796 0.00043275 0.0578827
174.988 0.000432036 0.0578033
175.18 0.000431325 0.0577301
175.373 0.000430615 0.0576569
175.565 0.000429908 0.0575836
175.758 0.000429202 0.0575043
175.95 0.000428498 0.057431
176.142 0.000427796 0.0573578
176.335 0.000427096 0.0572845
176.527 0.000426398 0.0572113
176.72 0.000425702 0.057132
176.912 0.000425008 0.0570587
177.104 0.000424316 0.0569855
177.297 0.000423625 0.0569122
177.489 0.000422937 0.056839
177.682 0.00042225 0.0567657
177.874 0.000421565 0.0566925
178.066 0.000420882 0.0566254
178.259 0.000420201 0.0565521
178.451 0.000419522 0.0564789
178.644 0.000418844 0.0564056
178.836 0.000418169 0.0563324
179.028 0.000417495 0.0562592
179.221 0.000416823 0.056192
179.413 0.000416152 0.0561188
179.606 0.000415484 0.0560455
179.798 0.000414817 0.0559784
179.99 0.000414152 0.0559052
180.183 0.000413489 0.0558319
180.375 0.000412828 0.0557648
180.568 0.000412168 0.0556915
180.76 0.00041151 0.0556244
180.952 0.000410854 0.0555511
181.145 0.0004102 0.055484
181.337 0.000409547 0.0554108
181.53 0.000408897 0.0553436
181.722 0.000408247 0.0552704
181.914 0.0004076 0.0552032
182.107 0.000406954 0.0551361
182.299 0.00040631 0.0550629
182.492 0.000405668 0.0549957
182.684 0.000405027 0.0549286
182.876 0.000404388 0.0548615
183.069 0.000403751 0.0547882
183.261 0.000403115 0.0547211
183.454 0.000402481 0.0546539
183.646 0.000401849 0.0545868
183.838 0.000401219 0.0545197
184.031 0.00040059 0.0544525
184.223 0.000399962 0.0543854
184.416 0.000399337 0.0543182
184.608 0.000398713 0.0542511
184.8 0.00039809 0.054184
184.993 0.000397469 0.0541168
185.185 0.00039685 0.0540497
185.378 0.000396232 0.0539825
185.57 0.000395616 0.0539154
185.762 0.000395002 0.0538483
185.955 0.000394389 0.0537811
186.147 0.000393778 0.053714
186.34 0.000393168 0.053653
186.532 0.00039256 0.0535858
186.724 0.000391954 0.0535187
186.917 0.000391349 0.0534515
187.109 0.000390745 0.0533905
187.302 0.000390143 0.0533234
187.494 0.000389543 0.0532562
187.686 0.000388944 0.0531952
187.879 0.000388347 0.0531281
188.071 0.000387751 0.0530609
188.264 0.000387157 0.0529999
188.456 0.000386565 0.0529327
188.648 0.000385973 0.0528717
188.841 0.000385384 0.0528046
189.033 0.000384796 0.0527435
189.226 0.000384209 0.0526764
189.418 0.000383624 0.0526154
189.61 0.00038304 0.0525543
189.803 0.000382458 0.0524872
189.995 0.000381877 0.0524261
190.188 0.000381298 0.0523651
190.38 0.00038072 0.052298
190.572 0.000380144 0.0522369
190.765 0.000379569 0.0521759
190.957 0.000378995 0.0521088
191.15 0.000378423 0.0520477
191.342 0.000377853 0.0519867
191.534 0.000377284 0.0519257
191.727 0.000376716 0.0518646
191.919 0.000376149 0.0518036
192.112 0.000375585 0.0517365
192.304 0.000375021 0.0516754
192.496 0.000374459 0.0516144
192.689 0.000373898 0.0515533
192.881 0.000373339 0.0514923
193.074 0.000372781 0.0514313
193.266 0.000372225 0.0513702
193.458 0.00037167 0.0513092
193.651 0.000371116 0.0512482
193.843 0.000370564 0.0511871
194.036 0.000370013 0.0511322
194.228 0.000369463 0.0510712
194.42 0.000368915 0.0510101
194.613 0.000368368 0.0509491
194.805 0.000367823 0.0508881
194.998 0.000367278 0.050827
195.19 0.000366735 0.0507721
195.382 0.000366194 0.0507111
195.575 0.000365654 0.05065
195.767 0.000365115 0.050589
195.96 0.000364577 0.0505341
196.152 0.000364041 0.050473
196.344 0.000363506 0.050412
196.537 0.000362973 0.0503571
196.729 0.00036244 0.050296
196.922 0.000361909 0.0502411
197.114 0.00036138 0.0501801
197.306 0.000360851 0.0501251
197.499 0.000360324 0.0500641
197.691 0.000359798 0.0500031
197.884 0.000359274 0.0499481
198.076 0.00035875 0.0498932
198.268 0.000358228 0.0498322
198.461 0.000357708 0.0497772
198.653 0.000357188 0.0497162
198.846 0.00035667 0.0496613
199.038 0.000356153 0.0496002
199.23 0.000355637 0.0495453
199.423 0.000355123 0.0494904
199.615 0.000354609 0.0494293
199.808 0.000354098 0.0493744
200 0.000353587 0.0493195
