7.6 -0.0562631 3.05176e-06
7.7924 -0.0541511 3.05176e-06
7.9848 -0.0521684 3.05176e-06
8.1772 -0.0503042 3.05176e-06
8.3696 -0.0485488 3.05176e-06
8.562 -0.0468935 3.05176e-06
8.7544 -0.0453304 3.05176e-06
8.9468 -0.0438525 3.05176e-06
9.1392 -0.036855 2.03947
9.3316 -0.0357012 1.989
9.524 -0.0346066 1.94123
9.7164 -0.0335669 1.89587
9.9088 -0.0325784 1.85273
10.1012 -0.0316376 1.81159
10.2936 -0.0307414 1.77231
10.486 -0.0298868 1.73474
10.6784 -0.0290712 1.69875
10.8708 -0.0282922 1.66424
11.0632 -0.0275473 1.63111
11.2556 -0.0268347 1.59928
11.448 -0.0261524 1.56866
11.6404 -0.0254986 1.53918
11.8328 -0.0248716 1.51076
12.0252 -0.0242699 1.48337
12.2176 -0.0236922 1.45694
12.41 -0.0231371 1.43141
12.6024 -0.0226034 1.40674
12.7948 -0.0220899 1.38289
12.9872 -0.0215956 1.35981
13.1796 -0.0211196 1.33748
13.372 -0.0206608 1.31584
13.5644 -0.0202184 1.29487
13.7568 -0.0197915 1.27453
13.9492 -0.0193796 1.25482
14.1416 -0.0189817 1.23568
14.334 -0.0185973 1.21709
14.5264 -0.0182257 1.19903
14.7188 -0.0178664 1.18148
14.9112 -0.0175187 1.16443
15.1036 -0.0171822 1.14784
15.296 -0.0168563 1.1317
15.4884 -0.0165407 1.11599
15.6808 -0.0162347 1.10069
15.8732 -0.0159381 1.08579
16.0656 -0.0156504 1.07128
16.258 -0.0153713 1.05713
16.4504 -0.0151004 1.04333
16.6428 -0.0148374 1.02988
16.8352 -0.014582 1.01675
17.0276 -0.0143338 1.00394
17.22 -0.0140925 0.991436
17.4124 -0.013858 0.979229
17.6048 -0.0136299 0.967297
17.7972 -0.013408 0.955647
17.9896 -0.0131921 0.944263
18.182 -0.0129819 0.933132
18.3744 -0.0127772 0.922253
18.5668 -0.0125779 0.91161
18.7592 -0.0123837 0.901203
18.9516 -0.0121945 0.891015
19.144 -0.01201 0.881052
19.3364 -0.0118302 0.871295
19.5288 -0.0116547 0.861744
19.7212 -0.0114836 0.852385
19.9136 -0.0113167 0.843225
20.106 -0.0111537 0.834243
20.2984 -0.0109947 0.825447
20.4908 -0.0108393 0.81683
20.6832 -0.0106876 0.808377
20.8756 -0.0105395 0.80009
21.068 -0.0103947 0.791959
21.2604 -0.0102532 0.783987
21.4528 -0.0101149 0.776169
21.6452 -0.00997962 0.768497
21.8376 -0.00984738 0.760971
22.03 -0.00971803 0.75358
22.2224 -0.0095915 0.746323
22.4148 -0.00946769 0.7392
22.6072 -0.00934652 0.732205
22.7996 -0.00922792 0.725339
22.992 -0.00911181 0.718588
23.1844 -0.00899811 0.71196
23.3768 -0.00888677 0.705441
23.5692 -0.0087777 0.699041
23.7616 -0.00867084 0.692745
23.954 -0.00856614 0.68656
24.1464 -0.00846353 0.680478
24.3388 -0.00836296 0.674496
24.5312 -0.00826436 0.668616
24.7236 -0.00816768 0.662832
24.916 -0.00807288 0.657145
25.1084 -0.0079799 0.651542
25.3008 -0.00788869 0.646036
25.4932 -0.00779921 0.640615
25.6856 -0.00771141 0.63528
25.878 -0.00762524 0.63003
26.0704 -0.00754067 0.624861
26.2628 -0.00745765 0.619771
26.4552 -0.00737614 0.614756
26.6476 -0.00729611 0.609822
26.84 -0.00721752 0.604962
27.0324 -0.00714033 0.600177
27.2248 -0.0070645 0.595464
27.4172 -0.00699001 0.590813
27.6096 -0.00691682 0.586235
27.802 -0.0068449 0.581721
27.9944 -0.00677422 0.577281
28.1868 -0.00670475 0.572896
28.3792 -0.00663646 0.568575
28.5716 -0.00656932 0.564317
28.764 -0.0065033 0.560124
28.9564 -0.00643838 0.555986
29.1488 -0.00637454 0.551903
29.3412 -0.00631175 0.547874
29.5336 -0.00624998 0.54391
29.726 -0.00618921 0.539992
29.9184 -0.00612942 0.536128
30.1108 -0.00607059 0.53232
30.3032 -0.00601269 0.528557
30.4956 -0.00595571 0.524849
30.688 -0.00589963 0.521187
30.8804 -0.00584442 0.51758
31.0728 -0.00579006 0.514009
31.2652 -0.00573655 0.510493
31.4576 -0.00568385 0.507024
31.65 -0.00563195 0.50359
31.8424 -0.00558084 0.500203
32.0348 -0.0055305 0.496861
32.2272 -0.00548092 0.493565
32.4196 -0.00543207 0.490299
32.612 -0.00538394 0.487087
32.8044 -0.00533652 0.483906
32.9968 -0.00528979 0.480762
33.1892 -0.00524373 0.477665
33.3816 -0.00519835 0.474598
33.574 -0.00515361 0.471569
33.7664 -0.00510952 0.468578
33.9588 -0.00506604 0.465626
34.1512 -0.00502319 0.462704
34.3436 -0.00498093 0.45982
34.536 -0.00493926 0.456966
34.7284 -0.00489817 0.454151
34.9208 -0.00485765 0.451366
35.1132 -0.00481768 0.448612
35.3056 -0.00477826 0.445889
35.498 -0.00473937 0.443203
35.6904 -0.00470101 0.44054
35.8828 -0.00466317 0.437908
36.0752 -0.00462583 0.435307
36.2676 -0.00458898 0.432735
36.46 -0.00455262 0.430195
36.6524 -0.00451674 0.427677
36.8448 -0.00448133 0.42519
37.0372 -0.00444638 0.422733
37.2296 -0.00441188 0.4203
37.422 -0.00437782 0.417896
37.6144 -0.0043442 0.415508
37.8068 -0.00431101 0.413158
37.9992 -0.00427824 0.410824
38.1916 -0.00424589 0.40852
38.384 -0.00421394 0.406239
38.5764 -0.00418238 0.40398
38.7688 -0.00415122 0.401752
38.9612 -0.00412045 0.399539
39.1536 -0.00409005 0.397348
39.346 -0.00406003 0.395187
39.5384 -0.00403037 0.393045
39.7308 -0.00400107 0.390921
39.9232 -0.00397213 0.388821
40.1156 -0.00394353 0.386746
40.308 -0.00391527 0.384689
40.5004 -0.00388735 0.382651
40.6928 -0.00385976 0.380637
40.8852 -0.0038325 0.378635
41.0776 -0.00380555 0.376663
41.27 -0.00377892 0.374704
41.4624 -0.0037526 0.372763
41.6548 -0.00372658 0.370847
41.8472 -0.00370086 0.368942
42.0396 -0.00367544 0.367062
42.232 -0.0036503 0.365195
42.4244 -0.00362545 0.363351
42.6168 -0.00360089 0.36152
42.8092 -0.0035766 0.359708
43.0016 -0.00355258 0.357913
43.194 -0.00352882 0.356137
43.3864 -0.00350534 0.354373
43.5788 -0.00348211 0.352634
43.7712 -0.00345913 0.3509
43.9636 -0.00343641 0.349191
44.156 -0.00341394 0.347495
44.3484 -0.00339171 0.34581
44.5408 -0.00336972 0.344144
44.7332 -0.00334797 0.342496
44.9256 -0.00332645 0.340854
45.118 -0.00330516 0.339236
45.3104 -0.00328409 0.337625
45.5028 -0.00326325 0.336038
45.6952 -0.00324263 0.334457
45.8876 -0.00322222 0.332895
46.08 -0.00320203 0.331339
46.2724 -0.00318205 0.329807
46.4648 -0.00316228 0.328281
46.6572 -0.00314271 0.326767
46.8496 -0.00312334 0.325272
47.042 -0.00310416 0.323788
47.2344 -0.00308519 0.322311
47.4268 -0.0030664 0.320853
47.6192 -0.00304781 0.319406
47.8116 -0.0030294 0.317972
48.004 -0.00301118 0.31655
48.1964 -0.00299314 0.31514
48.3888 -0.00297528 0.313742
48.5812 -0.0029576 0.31235
48.7736 -0.00294009 0.310977
48.966 -0.00292275 0.309616
49.1584 -0.00290559 0.308261
49.3508 -0.00288859 0.306918
49.5432 -0.00287175 0.305588
49.7356 -0.00285508 0.304269
49.928 -0.00283857 0.302957
50.1204 -0.00282222 0.301657
50.3128 -0.00280602 0.300369
50.5052 -0.00278998 0.299089
50.6976 -0.00277409 0.297826
50.89 -0.00275835 0.296562
51.0824 -0.00274276 0.295317
51.2748 -0.00272732 0.294081
51.4672 -0.00271202 0.292854
51.6596 -0.00269686 0.291637
51.852 -0.00268184 0.290428
52.0444 -0.00266697 0.289229
52.2368 -0.00265223 0.288039
52.4292 -0.00263762 0.286858
52.6216 -0.00262315 0.285686
52.814 -0.00260881 0.284523
53.0064 -0.0025946 0.283369
53.1988 -0.00258052 0.282216
53.3912 -0.00256657 0.281081
53.5836 -0.00255274 0.279955
53.776 -0.00253903 0.278838
53.9684 -0.00252545 0.277721
54.1608 -0.00251199 0.276622
54.3532 -0.00249865 0.275523
54.5456 -0.00248542 0.274443
54.738 -0.00247231 0.273363
54.9304 -0.00245932 0.272292
55.1228 -0.00244644 0.27123
55.3152 -0.00243367 0.270177
55.5076 -0.00242101 0.269124
55.7 -0.00240846 0.268089
55.8924 -0.00239602 0.267055
56.0848 -0.00238369 0.266029
56.2772 -0.00237146 0.265013
56.4696 -0.00235934 0.264006
56.662 -0.00234732 0.262999
56.8544 -0.0023354 0.26201
57.0468 -0.00232358 0.261021
57.2392 -0.00231186 0.260033
57.4316 -0.00230024 0.259062
57.624 -0.00228871 0.258092
57.8164 -0.00227729 0.25713
58.0088 -0.00226595 0.256178
58.2012 -0.00225471 0.255235
58.3936 -0.00224357 0.254292
58.586 -0.00223251 0.253358
58.7784 -0.00222155 0.252434
58.9708 -0.00221067 0.251509
59.1632 -0.00219989 0.250594
59.3556 -0.00218919 0.249687
59.548 -0.00217857 0.248781
59.7404 -0.00216805 0.247884
59.9328 -0.0021576 0.246996
60.1252 -0.00214724 0.246107
60.3176 -0.00213697 0.245229
60.51 -0.00212677 0.244359
60.7024 -0.00211666 0.243489
60.8948 -0.00210662 0.242628
61.0872 -0.00209667 0.241777
61.2796 -0.00208679 0.240926
61.472 -0.00207699 0.240083
61.6644 -0.00206727 0.239241
61.8568 -0.00205762 0.238408
62.0492 -0.00204805 0.237584
62.2416 -0.00203855 0.23676
62.434 -0.00202913 0.235945
62.6264 -0.00201977 0.23513
62.8188 -0.00201049 0.234325
63.0112 -0.00200128 0.233519
63.2036 -0.00199214 0.232722
63.396 -0.00198307 0.231935
63.5884 -0.00197407 0.231148
63.7808 -0.00196513 0.23037
63.9732 -0.00195627 0.229591
64.1656 -0.00194746 0.228822
64.358 -0.00193873 0.228053
64.5504 -0.00193006 0.227293
64.7428 -0.00192145 0.226534
64.9352 -0.00191291 0.225783
65.1276 -0.00190443 0.225041
65.32 -0.00189602 0.2243
65.5124 -0.00188766 0.223558
65.7048 -0.00187937 0.222826
65.8972 -0.00187114 0.222093
66.0896 -0.00186297 0.22137
66.282 -0.00185485 0.220647
66.4744 -0.0018468 0.219933
66.6668 -0.0018388 0.219228
66.8592 -0.00183086 0.218513
67.0516 -0.00182298 0.217818
67.244 -0.00181516 0.217113
67.4364 -0.00180739 0.216417
67.6288 -0.00179967 0.21573
67.8212 -0.00179201 0.215044
68.0136 -0.00178441 0.214366
68.206 -0.00177686 0.213689
68.3984 -0.00176936 0.213011
68.5908 -0.00176191 0.212343
68.7832 -0.00175452 0.211674
68.9756 -0.00174717 0.211015
69.168 -0.00173988 0.210356
69.3604 -0.00173264 0.209697
69.5528 -0.00172545 0.209047
69.7452 -0.00171831 0.208406
69.9376 -0.00171122 0.207765
70.13 -0.00170418 0.207124
70.3224 -0.00169718 0.206483
70.5148 -0.00169023 0.205852
70.7072 -0.00168333 0.205229
70.8996 -0.00167648 0.204607
71.092 -0.00166967 0.203984
71.2844 -0.00166291 0.203362
71.4768 -0.0016562 0.202748
71.6692 -0.00164953 0.202135
71.8616 -0.0016429 0.20153
72.054 -0.00163632 0.200926
72.2464 -0.00162978 0.200331
72.4388 -0.00162329 0.199728
72.6312 -0.00161684 0.199136
72.8236 -0.00161043 0.198544
73.016 -0.00160406 0.197958
73.2084 -0.00159774 0.197379
73.4008 -0.00159146 0.196799
73.5932 -0.00158521 0.196219
73.7856 -0.00157901 0.195645
73.978 -0.00157285 0.195071
74.1704 -0.00156673 0.194504
74.3628 -0.00156065 0.193942
74.5552 -0.00155461 0.193381
74.7476 -0.00154861 0.192819
74.94 -0.00154264 0.192264
75.1324 -0.00153671 0.191714
75.3248 -0.00153083 0.191165
75.5172 -0.00152497 0.190616
75.7096 -0.00151916 0.190073
75.902 -0.00151338 0.189529
76.0944 -0.00150764 0.188992
76.2868 -0.00150194 0.188455
76.4792 -0.00149627 0.187924
76.6716 -0.00149064 0.187399
76.864 -0.00148504 0.186868
77.0564 -0.00147948 0.186343
77.2488 -0.00147395 0.185825
77.4412 -0.00146846 0.185306
77.6336 -0.001463 0.184793
77.826 -0.00145757 0.18428
78.0184 -0.00145218 0.183768
78.2108 -0.00144682 0.183261
78.4032 -0.00144149 0.182755
78.5956 -0.0014362 0.182254
78.788 -0.00143094 0.181754
78.9804 -0.00142571 0.181253
79.1728 -0.00142051 0.180759
79.3652 -0.00141535 0.18027
79.5576 -0.00141021 0.179776
79.75 -0.00140511 0.179294
79.9424 -0.00140003 0.178806
80.1348 -0.00139499 0.178323
80.3272 -0.00138998 0.177841
80.5196 -0.001385 0.177365
80.712 -0.00138004 0.176889
80.9044 -0.00137512 0.176419
81.0968 -0.00137023 0.175949
81.2892 -0.00136536 0.175479
81.4816 -0.00136053 0.175015
81.674 -0.00135572 0.174551
81.8664 -0.00135094 0.174094
82.0588 -0.00134619 0.17363
82.2512 -0.00134146 0.173178
82.4436 -0.00133677 0.17272
82.636 -0.0013321 0.172269
82.8284 -0.00132746 0.171817
83.0208 -0.00132284 0.171371
83.2132 -0.00131825 0.170926
83.4056 -0.00131369 0.170486
83.598 -0.00130915 0.170041
83.7904 -0.00130465 0.169601
83.9828 -0.00130016 0.169168
84.1752 -0.0012957 0.168735
84.3676 -0.00129127 0.168301
84.56 -0.00128686 0.167868
84.7524 -0.00128248 0.167441
84.9448 -0.00127812 0.167014
85.1372 -0.00127379 0.166592
85.3296 -0.00126948 0.166165
85.522 -0.0012652 0.16575
85.7144 -0.00126094 0.165329
85.9068 -0.0012567 0.164914
86.0992 -0.00125249 0.164499
86.2916 -0.0012483 0.164084
86.484 -0.00124413 0.163675
86.6764 -0.00123999 0.163266
86.8688 -0.00123587 0.162857
87.0612 -0.00123177 0.162454
87.2536 -0.0012277 0.162051
87.446 -0.00122365 0.161649
87.6384 -0.00121962 0.161252
87.8308 -0.00121561 0.160855
88.0232 -0.00121162 0.160458
88.2156 -0.00120766 0.160068
88.408 -0.00120372 0.159671
88.6004 -0.0011998 0.15928
88.7928 -0.0011959 0.158896
88.9852 -0.00119202 0.158505
89.1776 -0.00118816 0.158121
89.37 -0.00118432 0.157742
89.5624 -0.00118051 0.157358
89.7548 -0.00117671 0.156979
89.9472 -0.00117293 0.156601
90.1396 -0.00116918 0.156223
90.332 -0.00116544 0.15585
90.5244 -0.00116173 0.155478
90.7168 -0.00115803 0.155106
90.9092 -0.00115436 0.154739
91.1016 -0.0011507 0.154367
91.294 -0.00114706 0.154001
91.4864 -0.00114344 0.153641
91.6788 -0.00113984 0.153275
91.8712 -0.00113626 0.152914
92.0636 -0.0011327 0.152554
92.256 -0.00112916 0.152194
92.4484 -0.00112563 0.15184
92.6408 -0.00112212 0.151486
92.8332 -0.00111864 0.151132
93.0256 -0.00111517 0.150778
93.218 -0.00111171 0.15043
93.4104 -0.00110828 0.150082
93.6028 -0.00110486 0.149734
93.7952 -0.00110146 0.149387
93.9876 -0.00109808 0.149045
94.18 -0.00109471 0.148703
94.3724 -0.00109137 0.148361
94.5648 -0.00108803 0.148019
94.7572 -0.00108472 0.147678
94.9496 -0.00108142 0.147342
95.142 -0.00107814 0.147006
95.3344 -0.00107488 0.146677
95.5268 -0.00107163 0.146341
95.7192 -0.0010684 0.146011
95.9116 -0.00106519 0.145682
96.104 -0.00106199 0.145352
96.2964 -0.0010588 0.145023
96.4888 -0.00105564 0.144699
96.6812 -0.00105249 0.144376
96.8736 -0.00104935 0.144052
97.066 -0.00104623 0.143729
97.2584 -0.00104313 0.143411
97.4508 -0.00104004 0.143088
97.6432 -0.00103696 0.14277
97.8356 -0.0010339 0.142453
98.028 -0.00103086 0.142142
98.2204 -0.00102783 0.141824
98.4128 -0.00102482 0.141513
98.6052 -0.00102182 0.141202
98.7976 -0.00101883 0.140897
98.99 -0.00101586 0.140585
99.1824 -0.00101291 0.14028
99.3748 -0.00100996 0.139969
99.5672 -0.00100704 0.139664
99.7596 -0.00100412 0.139365
99.952 -0.00100122 0.139059
100.144 -0.000998338 0.13876
100.337 -0.000995467 0.138461
100.529 -0.000992609 0.138162
100.722 -0.000989765 0.137863
100.914 -0.000986934 0.13757
101.106 -0.000984117 0.137271
101.299 -0.000981313 0.136978
101.491 -0.000978522 0.136685
101.684 -0.000975745 0.136392
101.876 -0.000972981 0.136105
102.068 -0.00097023 0.135812
102.261 -0.000967492 0.135526
102.453 -0.000964766 0.135239
102.646 -0.000962054 0.134952
102.838 -0.000959354 0.134671
103.03 -0.000956667 0.134384
103.223 -0.000953992 0.134103
103.415 -0.00095133 0.133823
103.608 -0.00094868 0.133542
103.8 -0.000946042 0.133261
103.992 -0.000943416 0.132986
104.185 -0.000940803 0.132706
104.377 -0.000938202 0.132431
104.57 -0.000935612 0.132156
104.762 -0.000933035 0.131882
104.954 -0.000930469 0.131607
105.147 -0.000927915 0.131339
105.339 -0.000925373 0.13107
105.532 -0.000922843 0.130795
105.724 -0.000920323 0.130527
105.916 -0.000917816 0.130264
106.109 -0.000915319 0.129996
106.301 -0.000912834 0.129727
106.494 -0.000910361 0.129465
106.686 -0.000907898 0.129202
106.878 -0.000905446 0.12894
107.071 -0.000903006 0.128677
107.263 -0.000900576 0.128415
107.456 -0.000898157 0.128159
107.648 -0.00089575 0.127902
107.84 -0.000893352 0.12764
108.033 -0.000890966 0.127383
108.225 -0.00088859 0.127127
108.418 -0.000886225 0.126877
108.61 -0.00088387 0.12662
108.802 -0.000881525 0.12637
108.995 -0.000879191 0.12612
109.187 -0.000876867 0.125864
109.38 -0.000874554 0.12562
109.572 -0.00087225 0.125369
109.764 -0.000869957 0.125119
109.957 -0.000867674 0.124875
110.149 -0.0008654 0.124625
110.342 -0.000863137 0.12438
110.534 -0.000860883 0.124136
110.726 -0.000858639 0.123892
110.919 -0.000856405 0.123648
111.111 -0.000854181 0.12341
111.304 -0.000851966 0.123166
111.496 -0.000849761 0.122928
111.688 -0.000847565 0.12269
111.881 -0.000845379 0.122452
112.073 -0.000843202 0.122214
112.266 -0.000841034 0.121976
112.458 -0.000838876 0.121744
112.65 -0.000836727 0.121506
112.843 -0.000834587 0.121274
113.035 -0.000832456 0.121042
113.228 -0.000830334 0.120804
113.42 -0.000828222 0.120578
113.612 -0.000826118 0.120346
113.805 -0.000824023 0.120114
113.997 -0.000821937 0.119888
114.19 -0.000819859 0.119656
114.382 -0.000817791 0.119431
114.574 -0.000815731 0.119205
114.767 -0.00081368 0.118979
114.959 -0.000811637 0.118753
115.152 -0.000809603 0.118527
115.344 -0.000807577 0.118307
115.536 -0.00080556 0.118082
115.729 -0.000803551 0.117862
115.921 -0.000801551 0.117642
116.114 -0.000799558 0.117422
116.306 -0.000797574 0.117203
116.498 -0.000795599 0.116983
116.691 -0.000793631 0.116763
116.883 -0.000791671 0.11655
117.076 -0.00078972 0.11633
117.268 -0.000787776 0.116116
117.46 -0.000785841 0.115903
117.653 -0.000783913 0.115683
117.845 -0.000781994 0.115469
118.038 -0.000780082 0.115262
118.23 -0.000778178 0.115048
118.422 -0.000776281 0.114835
118.615 -0.000774392 0.114627
118.807 -0.000772511 0.114413
119 -0.000770638 0.114206
119.192 -0.000768772 0.113998
119.384 -0.000766914 0.113791
119.577 -0.000765063 0.113583
119.769 -0.000763219 0.113376
119.962 -0.000761383 0.113174
120.154 -0.000759554 0.112967
120.346 -0.000757733 0.112766
120.539 -0.000755919 0.112558
120.731 -0.000754112 0.112357
120.924 -0.000752312 0.112155
121.116 -0.00075052 0.111954
121.308 -0.000748734 0.111752
121.501 -0.000746956 0.111551
121.693 -0.000745184 0.111356
121.886 -0.00074342 0.111154
122.078 -0.000741662 0.110959
122.27 -0.000739912 0.110757
122.463 -0.000738168 0.110562
122.655 -0.000736431 0.110367
122.848 -0.000734701 0.110172
123.04 -0.000732978 0.109976
123.232 -0.000731262 0.109781
123.425 -0.000729552 0.109586
123.617 -0.000727849 0.109396
123.81 -0.000726152 0.109201
124.002 -0.000724462 0.109012
124.194 -0.000722779 0.108823
124.387 -0.000721102 0.108627
124.579 -0.000719431 0.108438
124.772 -0.000717767 0.108249
124.964 -0.00071611 0.10806
125.156 -0.000714458 0.107877
125.349 -0.000712813 0.107687
125.541 -0.000711175 0.107498
125.734 -0.000709543 0.107315
125.926 -0.000707916 0.107126
126.118 -0.000706297 0.106943
126.311 -0.000704683 0.10676
126.503 -0.000703075 0.106577
126.696 -0.000701474 0.106393
126.888 -0.000699878 0.10621
127.08 -0.000698289 0.106027
127.273 -0.000696706 0.105844
127.465 -0.000695128 0.105667
127.658 -0.000693557 0.105484
127.85 -0.000691991 0.105307
128.042 -0.000690432 0.105124
128.235 -0.000688878 0.104947
128.427 -0.00068733 0.10477
128.62 -0.000685788 0.104593
128.812 -0.000684251 0.104416
129.004 -0.00068272 0.104239
129.197 -0.000681195 0.104062
129.389 -0.000679676 0.103891
129.582 -0.000678162 0.103714
129.774 -0.000676654 0.103543
129.966 -0.000675152 0.103366
130.159 -0.000673655 0.103195
130.351 -0.000672163 0.103024
130.544 -0.000670678 0.102847
130.736 -0.000669197 0.102676
130.928 -0.000667722 0.102505
131.121 -0.000666252 0.102335
131.313 -0.000664788 0.10217
131.506 -0.000663329 0.101999
131.698 -0.000661876 0.101828
131.89 -0.000660428 0.101663
132.083 -0.000658985 0.101492
132.275 -0.000657547 0.101328
132.468 -0.000656114 0.101163
132.66 -0.000654687 0.100992
132.852 -0.000653265 0.100827
133.045 -0.000651848 0.100662
133.237 -0.000650436 0.100497
133.43 -0.000649029 0.100333
133.622 -0.000647627 0.100168
133.814 -0.000646231 0.100009
134.007 -0.000644839 0.0998444
134.199 -0.000643452 0.0996857
134.392 -0.000642071 0.0995209
134.584 -0.000640694 0.0993622
134.776 -0.000639322 0.0991974
134.969 -0.000637955 0.0990387
135.161 -0.000636593 0.09888
135.354 -0.000635236 0.0987213
135.546 -0.000633883 0.0985626
135.738 -0.000632535 0.0984039
135.931 -0.000631193 0.0982452
136.123 -0.000629854 0.0980865
136.316 -0.000628521 0.097934
136.508 -0.000627192 0.0977753
136.7 -0.000625868 0.0976166
136.893 -0.000624549 0.097464
137.085 -0.000623234 0.0973114
137.278 -0.000621924 0.0971527
137.47 -0.000620618 0.0970001
137.662 -0.000619317 0.0968475
137.855 -0.000618021 0.0966949
138.047 -0.000616729 0.0965424
138.24 -0.000615441 0.0963898
138.432 -0.000614158 0.0962372
138.624 -0.00061288 0.0960846
138.817 -0.000611606 0.095932
139.009 -0.000610336 0.0957855
139.202 -0.000609071 0.0956329
139.394 -0.00060781 0.0954865
139.586 -0.000606553 0.0953339
139.779 -0.000605301 0.0951874
139.971 -0.000604053 0.0950348
140.164 -0.000602809 0.0948883
140.356 -0.00060157 0.0947418
140.548 -0.000600334 0.0945953
140.741 -0.000599103 0.0944489
140.933 -0.000597877 0.0943024
141.126 -0.000596654 0.0941559
141.318 -0.000595436 0.0940094
141.51 -0.000594221 0.093869
141.703 -0.000593011 0.0937225
141.895 -0.000591805 0.093576
142.088 -0.000590603 0.0934357
142.28 -0.000589405 0.0932892
142.472 -0.000588211 0.0931488
142.665 -0.000587021 0.0930084
142.857 -0.000585836 0.0928619
143.05 -0.000584654 0.0927216
143.242 -0.000583476 0.0925812
143.434 -0.000582302 0.0924408
143.627 -0.000581132 0.0923004
143.819 -0.000579966 0.09216
144.012 -0.000578804 0.0920197
144.204 -0.000577645 0.0918793
144.396 -0.000576491 0.091745
144.589 -0.00057534 0.0916046
144.781 -0.000574193 0.0914642
144.974 -0.00057305 0.09133
145.166 -0.000571911 0.0911896
145.358 -0.000570776 0.0910553
145.551 -0.000569644 0.0909149
145.743 -0.000568516 0.0907806
145.936 -0.000567392 0.0906464
146.128 -0.000566271 0.0905121
146.32 -0.000565155 0.0903778
146.513 -0.000564041 0.0902374
146.705 -0.000562932 0.0901031
146.898 -0.000561826 0.089975
147.09 -0.000560724 0.0898407
147.282 -0.000559625 0.0897064
147.475 -0.00055853 0.0895721
147.667 -0.000557438 0.0894379
147.86 -0.00055635 0.0893097
148.052 -0.000555266 0.0891754
148.244 -0.000554185 0.0890472
148.437 -0.000553108 0.088913
148.629 -0.000552034 0.0887848
148.822 -0.000550963 0.0886566
149.014 -0.000549896 0.0885223
149.206 -0.000548833 0.0883942
149.399 -0.000547772 0.088266
149.591 -0.000546716 0.0881378
149.784 -0.000545662 0.0880096
149.976 -0.000544612 0.0878815
150.168 -0.000543566 0.0877533
150.361 -0.000542523 0.0876251
150.553 -0.000541483 0.0874969
150.746 -0.000540446 0.0873688
150.938 -0.000539413 0.0872467
151.13 -0.000538383 0.0871185
151.323 -0.000537356 0.0869904
151.515 -0.000536332 0.0868683
151.708 -0.000535312 0.0867401
151.9 -0.000534295 0.086618
152.092 -0.000533281 0.0864899
152.285 -0.000532271 0.0863678
152.477 -0.000531263 0.0862457
152.67 -0.000530259 0.0861237
152.862 -0.000529258 0.0860016
153.054 -0.00052826 0.0858734
153.247 -0.000527265 0.0857513
153.439 -0.000526274 0.0856293
153.632 -0.000525285 0.0855072
153.824 -0.0005243 0.0853912
154.016 -0.000523317 0.0852692
154.209 -0.000522338 0.0851471
154.401 -0.000521362 0.085025
154.594 -0.000520389 0.084903
154.786 -0.000519418 0.084787
154.978 -0.000518451 0.0846649
155.171 -0.000517487 0.084549
155.363 -0.000516526 0.0844269
155.556 -0.000515567 0.0843109
155.748 -0.000514612 0.0841888
155.94 -0.00051366 0.0840729
156.133 -0.00051271 0.0839569
156.325 -0.000511764 0.0838409
156.518 -0.00051082 0.0837189
156.71 -0.00050988 0.0836029
156.902 -0.000508942 0.0834869
157.095 -0.000508007 0.083371
157.287 -0.000507075 0.083255
157.48 -0.000506146 0.083139
157.672 -0.000505219 0.0830231
157.864 -0.000504296 0.0829132
158.057 -0.000503375 0.0827972
158.249 -0.000502457 0.0826813
158.442 -0.000501542 0.0825653
158.634 -0.000500629 0.0824554
158.826 -0.00049972 0.0823395
159.019 -0.000498813 0.0822296
159.211 -0.000497909 0.0821136
159.404 -0.000497007 0.0820038
159.596 -0.000496109 0.0818878
159.788 -0.000495213 0.081778
159.981 -0.000494319 0.0816681
160.173 -0.000493429 0.0815521
160.366 -0.000492541 0.0814423
160.558 -0.000491656 0.0813324
160.75 -0.000490773 0.0812225
160.943 -0.000489893 0.0811127
161.135 -0.000489016 0.0810028
161.328 -0.000488141 0.0808929
161.52 -0.000487269 0.0807831
161.712 -0.000486399 0.0806732
161.905 -0.000485532 0.0805634
162.097 -0.000484668 0.0804535
162.29 -0.000483806 0.0803436
162.482 -0.000482947 0.0802399
162.674 -0.00048209 0.08013
162.867 -0.000481236 0.0800201
163.059 -0.000480384 0.0799164
163.252 -0.000479535 0.0798065
163.444 -0.000478688 0.0797028
163.636 -0.000477844 0.0795929
163.829 -0.000477002 0.0794891
164.021 -0.000476163 0.0793854
164.214 -0.000475326 0.0792755
164.406 -0.000474492 0.0791718
164.598 -0.00047366 0.079068
164.791 -0.00047283 0.0789642
164.983 -0.000472003 0.0788544
165.176 -0.000471179 0.0787506
165.368 -0.000470357 0.0786469
165.56 -0.000469537 0.0785431
165.753 -0.000468719 0.0784393
165.945 -0.000467904 0.0783356
166.138 -0.000467091 0.0782318
166.33 -0.000466281 0.0781342
166.522 -0.000465473 0.0780304
166.715 -0.000464667 0.0779266
166.907 -0.000463864 0.0778229
167.1 -0.000463063 0.0777252
167.292 -0.000462264 0.0776215
167.484 -0.000461467 0.0775177
167.677 -0.000460673 0.07742
167.869 -0.000459881 0.0773163
168.062 -0.000459092 0.0772186
168.254 -0.000458304 0.0771149
168.446 -0.000457519 0.0770172
168.639 -0.000456736 0.0769135
168.831 -0.000455955 0.0768158
169.024 -0.000455177 0.0767181
169.216 -0.000454401 0.0766205
169.408 -0.000453627 0.0765167
169.601 -0.000452855 0.0764191
169.793 -0.000452085 0.0763214
169.986 -0.000451317 0.0762238
170.178 -0.000450552 0.0761261
170.37 -0.000449789 0.0760284
170.563 -0.000449028 0.0759308
170.755 -0.000448269 0.0758331
170.948 -0.000447512 0.0757355
171.14 -0.000446758 0.0756378
171.332 -0.000446005 0.0755402
171.525 -0.000445255 0.0754425
171.717 -0.000444507 0.075351
171.91 -0.00044376 0.0752533
172.102 -0.000443016 0.0751556
172.294 -0.000442274 0.0750641
172.487 -0.000441534 0.0749664
172.679 -0.000440796 0.0748688
172.872 -0.000440061 0.0747772
173.064 -0.000439327 0.0746796
173.256 -0.000438595 0.074588
173.449 -0.000437865 0.0744965
173.641 -0.000437138 0.0743988
173.834 -0.000436412 0.0743073
174.026 -0.000435688 0.0742157
174.218 -0.000434967 0.074118
174.411 -0.000434247 0.0740265
174.603 -0.000433529 0.0739349
174.796 -0.000432813 0.0738434
174.988 -0.0004321 0.0737457
175.18 -0.000431388 0.0736542
175.373 -0.000430678 0.0735626
175.565 -0.00042997 0.0734711
175.758 -0.000429264 0.0733795
175.95 -0.00042856 0.073288
176.142 -0.000427858 0.0731964
176.335 -0.000427158 0.0731049
176.527 -0.000426459 0.0730194
176.72 -0.000425763 0.0729279
176.912 -0.000425068 0.0728363
177.104 -0.000424376 0.0727448
177.297 -0.000423685 0.0726593
177.489 -0.000422996 0.0725677
177.682 -0.000422309 0.0724762
177.874 -0.000421624 0.0723907
178.066 -0.000420941 0.0722992
178.259 -0.000420259 0.0722076
178.451 -0.00041958 0.0721222
178.644 -0.000418902 0.0720306
178.836 -0.000418226 0.0719452
179.028 -0.000417552 0.0718597
179.221 -0.000416879 0.0717682
179.413 -0.000416209 0.0716827
179.606 -0.00041554 0.0715912
179.798 -0.000414873 0.0715057
179.99 -0.000414208 0.0714203
180.183 -0.000413545 0.0713348
180.375 -0.000412883 0.0712433
180.568 -0.000412223 0.0711578
180.76 -0.000411565 0.0710724
180.952 -0.000410909 0.0709869
181.145 -0.000410254 0.0709015
181.337 -0.000409601 0.070816
181.53 -0.00040895 0.0707306
181.722 -0.000408301 0.0706451
181.914 -0.000407653 0.0705597
182.107 -0.000407007 0.0704742
182.299 -0.000406363 0.0703888
182.492 -0.00040572 0.0703033
182.684 -0.000405079 0.070224
182.876 -0.00040444 0.0701385
183.069 -0.000403802 0.0700531
183.261 -0.000403167 0.0699677
183.454 -0.000402532 0.0698883
183.646 -0.0004019 0.0698029
183.838 -0.000401269 0.0697174
184.031 -0.00040064 0.0696381
184.223 -0.000400012 0.0695526
184.416 -0.000399386 0.0694733
184.608 -0.000398762 0.0693878
184.8 -0.000398139 0.0693085
184.993 -0.000397518 0.069223
185.185 -0.000396899 0.0691437
185.378 -0.000396281 0.0690582
185.57 -0.000395664 0.0689789
185.762 -0.00039505 0.0688995
185.955 -0.000394437 0.0688141
186.147 -0.000393825 0.0687347
186.34 -0.000393215 0.0686554
186.532 -0.000392607 0.068576
186.724 -0.000392 0.0684906
186.917 -0.000391395 0.0684113
187.109 -0.000390791 0.0683319
187.302 -0.000390189 0.0682526
187.494 -0.000389589 0.0681732
187.686 -0.00038899 0.0680939
187.879 -0.000388392 0.0680145
188.071 -0.000387796 0.0679352
188.264 -0.000387202 0.0678558
188.456 -0.000386609 0.0677765
188.648 -0.000386017 0.0676971
188.841 -0.000385428 0.0676178
189.033 -0.000384839 0.0675385
189.226 -0.000384252 0.0674591
189.418 -0.000383667 0.0673859
189.61 -0.000383083 0.0673065
189.803 -0.0003825 0.0672272
189.995 -0.00038192 0.0671478
190.188 -0.00038134 0.0670746
190.38 -0.000380762 0.0669952
190.572 -0.000380185 0.0669159
190.765 -0.00037961 0.0668427
190.957 -0.000379037 0.0667633
191.15 -0.000378464 0.0666901
191.342 -0.000377894 0.0666107
191.534 -0.000377324 0.0665375
191.727 -0.000376756 0.0664581
191.919 -0.00037619 0.0663849
192.112 -0.000375625 0.0663055
192.304 -0.000375061 0.0662323
192.496 -0.000374499 0.0661591
192.689 -0.000373938 0.0660797
192.881 -0.000373378 0.0660065
193.074 -0.00037282 0.0659332
193.266 -0.000372264 0.0658539
193.458 -0.000371708 0.0657806
193.651 -0.000371154 0.0657074
193.843 -0.000370602 0.0656342
194.036 -0.000370051 0.0655609
194.228 -0.000369501 0.0654816
194.42 -0.000368952 0.0654083
194.613 -0.000368405 0.0653351
194.805 -0.00036786 0.0652618
194.998 -0.000367315 0.0651886
195.19 -0.000366772 0.0651154
195.382 -0.00036623 0.0650421
195.575 -0.00036569 0.0649689
195.767 -0.000365151 0.0648956
195.96 -0.000364613 0.0648224
196.152 -0.000364077 0.0647491
196.344 -0.000363542 0.064682
196.537 -0.000363008 0.0646088
196.729 -0.000362475 0.0645355
196.922 -0.000361944 0.0644623
197.114 -0.000361414 0.064389
197.306 -0.000360886 0.0643219
197.499 -0.000360358 0.0642487
197.691 -0.000359832 0.0641754
197.884 -0.000359308 0.0641083
198.076 -0.000358784 0.064035
198.268 -0.000358262 0.0639618
198.461 -0.000357741 0.0638947
198.653 -0.000357221 0.0638214
198.846 -0.000356703 0.0637543
199.038 -0.000356186 0.063681
199.23 -0.00035567 0.0636139
199.423 -0.000355155 0.0635406
199.615 -0.000354642 0.0634735
199.808 -0.000354129 0.0634003
200 -0.000353618 0.0633331
