7.6 0.0466033 2.44313
7.7924 0.0449274 2.37594
7.9848 0.0433492 2.31221
8.1772 0.0418608 2.25172
8.3696 0.0404553 2.1942
8.562 0.0391264 2.13945
8.7544 0.0378685 2.08726
8.9468 0.0366762 2.03747
9.1392 0.035545 1.98991
9.3316 0.0344706 1.94443
9.524 0.033449 1.90091
9.7164 0.0324768 1.85922
9.9088 0.0315505 1.81925
10.1012 0.0306674 1.78089
10.2936 0.0298246 1.74405
10.486 0.0290195 1.70864
10.6784 0.02825 1.67458
10.8708 0.0275137 1.6418
11.0632 0.0268088 1.61023
11.2556 0.0261335 1.57979
11.448 0.0254859 1.55043
11.6404 0.0248646 1.5221
11.8328 0.024268 1.49474
12.0252 0.0236949 1.4683
12.2176 0.0231439 1.44275
12.41 0.0226139 1.41803
12.6024 0.0221038 1.3941
12.7948 0.0216125 1.37093
12.9872 0.0211391 1.34849
13.1796 0.0206828 1.32674
13.372 0.0202425 1.30565
13.5644 0.0198177 1.28518
13.7568 0.0194074 1.26532
13.9492 0.0190111 1.24604
14.1416 0.0186281 1.2273
14.334 0.0182578 1.2091
14.5264 0.0178995 1.19141
14.7188 0.0175528 1.1742
14.9112 0.0172171 1.15746
15.1036 0.016892 1.14116
15.296 0.0165769 1.1253
15.4884 0.0162715 1.10985
15.6808 0.0159754 1.09481
15.8732 0.0156881 1.08014
16.0656 0.0154093 1.06585
16.258 0.0151386 1.05191
16.4504 0.0148758 1.03831
16.6428 0.0146205 1.02504
16.8352 0.0143724 1.01209
17.0276 0.0141312 0.999454
17.22 0.0138967 0.98711
17.4124 0.0136686 0.975056
17.6048 0.0134466 0.963276
17.7972 0.0132306 0.951763
17.9896 0.0130203 0.94051
18.182 0.0128155 0.929501
18.3744 0.012616 0.918743
18.5668 0.0124217 0.908215
18.7592 0.0122322 0.897916
18.9516 0.0120476 0.887836
19.144 0.0118675 0.877969
19.3364 0.0116918 0.868308
19.5288 0.0115205 0.858846
19.7212 0.0113533 0.849576
19.9136 0.01119 0.840499
20.106 0.0110307 0.8316
20.2984 0.0108751 0.822879
20.4908 0.0107231 0.814331
20.6832 0.0105746 0.805954
20.8756 0.0104295 0.797733
21.068 0.0102877 0.78967
21.2604 0.0101491 0.781766
21.4528 0.0100136 0.774002
21.6452 0.00988101 0.766391
21.8376 0.00975135 0.758914
22.03 0.0096245 0.751584
22.2224 0.00950038 0.744376
22.4148 0.00937889 0.737308
22.6072 0.00925997 0.730362
22.7996 0.00914355 0.723538
22.992 0.00902953 0.71683
23.1844 0.00891787 0.710245
23.3768 0.00880849 0.703775
23.5692 0.00870132 0.697412
23.7616 0.00859631 0.691159
23.954 0.00849339 0.685012
24.1464 0.0083925 0.678966
24.3388 0.0082936 0.673022
24.5312 0.00819662 0.667174
24.7236 0.00810151 0.661422
24.916 0.00800823 0.655761
25.1084 0.00791673 0.650196
25.3008 0.00782695 0.644717
25.4932 0.00773885 0.639328
25.6856 0.0076524 0.63402
25.878 0.00756754 0.628797
26.0704 0.00748423 0.623654
26.2628 0.00740244 0.618591
26.4552 0.00732213 0.613603
26.6476 0.00724327 0.608695
26.84 0.0071658 0.603856
27.0324 0.00708971 0.599089
27.2248 0.00701495 0.594402
27.4172 0.00694149 0.589778
27.6096 0.00686931 0.585219
27.802 0.00679837 0.580724
27.9944 0.00672864 0.576302
28.1868 0.00666009 0.571935
28.3792 0.0065927 0.567641
28.5716 0.00652644 0.563402
28.764 0.00646128 0.559218
28.9564 0.0063972 0.555098
29.1488 0.00633416 0.551033
29.3412 0.00627216 0.547023
29.5336 0.00621116 0.543068
29.726 0.00615114 0.539168
29.9184 0.00609208 0.535323
30.1108 0.00603396 0.531532
30.3032 0.00597676 0.527779
30.4956 0.00592045 0.524089
30.688 0.00586503 0.520445
30.8804 0.00581046 0.516838
31.0728 0.00575673 0.513286
31.2652 0.00570383 0.509779
31.4576 0.00565173 0.506319
31.65 0.00560041 0.502904
31.8424 0.00554987 0.499531
32.0348 0.00550009 0.496204
32.2272 0.00545104 0.492908
32.4196 0.00540272 0.489666
32.612 0.00535511 0.486454
32.8044 0.00530819 0.483288
32.9968 0.00526195 0.48016
33.1892 0.00521638 0.477062
33.3816 0.00517146 0.47401
33.574 0.00512719 0.470997
33.7664 0.00508354 0.468014
33.9588 0.00504051 0.465069
34.1512 0.00499808 0.462154
34.3436 0.00495624 0.459278
34.536 0.00491499 0.45644
34.7284 0.0048743 0.453625
34.9208 0.00483417 0.450848
35.1132 0.00479458 0.448101
35.3056 0.00475554 0.445393
35.498 0.00471702 0.442707
35.6904 0.00467902 0.440052
35.8828 0.00464152 0.437435
36.0752 0.00460453 0.434841
36.2676 0.00456802 0.43227
36.46 0.00453199 0.429737
36.6524 0.00449643 0.427227
36.8448 0.00446134 0.424747
37.0372 0.00442669 0.422298
37.2296 0.0043925 0.419872
37.422 0.00435874 0.417469
37.6144 0.00432541 0.415096
37.8068 0.00429251 0.412746
37.9992 0.00426002 0.410419
38.1916 0.00422794 0.408123
38.384 0.00419625 0.405842
38.5764 0.00416497 0.403591
38.7688 0.00413406 0.401363
38.9612 0.00410354 0.399161
39.1536 0.00407339 0.396976
39.346 0.00404361 0.394815
39.5384 0.00401419 0.392679
39.7308 0.00398513 0.390561
39.9232 0.00395641 0.388467
40.1156 0.00392804 0.386392
40.308 0.0039 0.384341
40.5004 0.0038723 0.382309
40.6928 0.00384492 0.380301
40.8852 0.00381786 0.378305
41.0776 0.00379112 0.376334
41.27 0.00376469 0.37438
41.4624 0.00373857 0.372446
41.6548 0.00371274 0.370529
41.8472 0.00368722 0.368637
42.0396 0.00366198 0.366757
42.232 0.00363703 0.364896
42.4244 0.00361236 0.363052
42.6168 0.00358797 0.361227
42.8092 0.00356385 0.359421
43.0016 0.00354 0.357626
43.194 0.00351642 0.355856
43.3864 0.00349309 0.354099
43.5788 0.00347002 0.352353
43.7712 0.00344721 0.350632
43.9636 0.00342464 0.348917
44.156 0.00340232 0.347226
44.3484 0.00338024 0.345547
44.5408 0.0033584 0.343881
44.7332 0.0033368 0.342233
44.9256 0.00331542 0.340604
45.118 0.00329427 0.338986
45.3104 0.00327334 0.337381
45.5028 0.00325264 0.335788
45.6952 0.00323215 0.334213
45.8876 0.00321188 0.332651
46.08 0.00319181 0.331107
46.2724 0.00317196 0.329568
46.4648 0.00315231 0.328049
46.6572 0.00313286 0.326541
46.8496 0.00311361 0.325046
47.042 0.00309456 0.323563
47.2344 0.0030757 0.322092
47.4268 0.00305703 0.320633
47.6192 0.00303855 0.319193
47.8116 0.00302025 0.317758
48.004 0.00300214 0.316336
48.1964 0.00298421 0.314932
48.3888 0.00296646 0.313535
48.5812 0.00294888 0.312149
48.7736 0.00293147 0.310776
48.966 0.00291424 0.309415
49.1584 0.00289717 0.30806
49.3508 0.00288027 0.306723
49.5432 0.00286353 0.305392
49.7356 0.00284695 0.304074
49.928 0.00283054 0.302768
50.1204 0.00281428 0.301468
50.3128 0.00279817 0.300186
50.5052 0.00278222 0.298906
50.6976 0.00276642 0.297643
50.89 0.00275077 0.296388
51.0824 0.00273526 0.295143
51.2748 0.0027199 0.293907
51.4672 0.00270468 0.29268
51.6596 0.00268961 0.291463
51.852 0.00267467 0.290254
52.0444 0.00265987 0.289055
52.2368 0.00264521 0.287865
52.4292 0.00263068 0.286684
52.6216 0.00261629 0.285521
52.814 0.00260202 0.284358
53.0064 0.00258789 0.283205
53.1988 0.00257388 0.28206
53.3912 0.00256 0.280925
53.5836 0.00254624 0.279799
53.776 0.0025326 0.278682
53.9684 0.00251909 0.277574
54.1608 0.00250569 0.276466
54.3532 0.00249242 0.275377
54.5456 0.00247926 0.274287
54.738 0.00246621 0.273216
54.9304 0.00245328 0.272145
55.1228 0.00244047 0.271083
55.3152 0.00242776 0.27003
55.5076 0.00241516 0.268987
55.7 0.00240268 0.267943
55.8924 0.0023903 0.266917
56.0848 0.00237802 0.265892
56.2772 0.00236585 0.264876
56.4696 0.00235378 0.263869
56.662 0.00234182 0.262871
56.8544 0.00232996 0.261873
57.0468 0.00231819 0.260884
57.2392 0.00230653 0.259904
57.4316 0.00229496 0.258934
57.624 0.00228349 0.257964
57.8164 0.00227211 0.257011
58.0088 0.00226083 0.25605
58.2012 0.00224964 0.255107
58.3936 0.00223855 0.254164
58.586 0.00222754 0.253239
58.7784 0.00221662 0.252306
58.9708 0.0022058 0.25139
59.1632 0.00219506 0.250475
59.3556 0.0021844 0.249568
59.548 0.00217384 0.248662
59.7404 0.00216336 0.247765
59.9328 0.00215296 0.246877
60.1252 0.00214264 0.245998
60.3176 0.00213241 0.245119
60.51 0.00212226 0.244249
60.7024 0.00211219 0.243379
60.8948 0.0021022 0.242519
61.0872 0.00209228 0.241667
61.2796 0.00208245 0.240816
61.472 0.00207269 0.239973
61.6644 0.002063 0.239131
61.8568 0.0020534 0.238307
62.0492 0.00204386 0.237474
62.2416 0.0020344 0.236659
62.434 0.00202502 0.235835
62.6264 0.0020157 0.23503
62.8188 0.00200646 0.234224
63.0112 0.00199728 0.233418
63.2036 0.00198818 0.232631
63.396 0.00197914 0.231834
63.5884 0.00197018 0.231047
63.7808 0.00196128 0.230269
63.9732 0.00195245 0.2295
64.1656 0.00194368 0.228722
64.358 0.00193498 0.227962
64.5504 0.00192634 0.227202
64.7428 0.00191777 0.226442
64.9352 0.00190926 0.225691
65.1276 0.00190081 0.22495
65.32 0.00189243 0.224208
65.5124 0.00188411 0.223466
65.7048 0.00187585 0.222734
65.8972 0.00186764 0.222002
66.0896 0.0018595 0.221278
66.282 0.00185142 0.220564
66.4744 0.00184339 0.21985
66.6668 0.00183543 0.219136
66.8592 0.00182752 0.218431
67.0516 0.00181966 0.217726
67.244 0.00181187 0.21703
67.4364 0.00180413 0.216335
67.6288 0.00179644 0.215648
67.8212 0.00178881 0.214961
68.0136 0.00178123 0.214284
68.206 0.0017737 0.213606
68.3984 0.00176623 0.212929
68.5908 0.00175881 0.21226
68.7832 0.00175144 0.211592
68.9756 0.00174413 0.210933
69.168 0.00173686 0.210274
69.3604 0.00172965 0.209624
69.5528 0.00172248 0.208974
69.7452 0.00171536 0.208324
69.9376 0.0017083 0.207683
70.13 0.00170128 0.207051
70.3224 0.00169431 0.20641
70.5148 0.00168738 0.205779
70.7072 0.00168051 0.205156
70.8996 0.00167368 0.204533
71.092 0.00166689 0.203911
71.2844 0.00166015 0.203288
71.4768 0.00165346 0.202675
71.6692 0.00164681 0.202071
71.8616 0.00164021 0.201457
72.054 0.00163365 0.200862
72.2464 0.00162713 0.200258
72.4388 0.00162066 0.199661
72.6312 0.00161423 0.199069
72.8236 0.00160784 0.198477
73.016 0.00160149 0.197891
73.2084 0.00159519 0.197311
73.4008 0.00158893 0.196732
73.5932 0.00158271 0.196152
73.7856 0.00157652 0.195578
73.978 0.00157038 0.19501
74.1704 0.00156428 0.194443
74.3628 0.00155822 0.193875
74.5552 0.0015522 0.193314
74.7476 0.00154621 0.192758
74.94 0.00154026 0.192203
75.1324 0.00153436 0.191647
75.3248 0.00152849 0.191098
75.5172 0.00152265 0.190555
75.7096 0.00151686 0.190012
75.902 0.0015111 0.189468
76.0944 0.00150537 0.188931
76.2868 0.00149969 0.1884
76.4792 0.00149404 0.187869
76.6716 0.00148842 0.187338
76.864 0.00148284 0.186813
77.0564 0.00147729 0.186288
77.2488 0.00147178 0.18577
77.4412 0.0014663 0.185251
77.6336 0.00146086 0.184732
77.826 0.00145545 0.184219
78.0184 0.00145007 0.183713
78.2108 0.00144473 0.183206
78.4032 0.00143942 0.1827
78.5956 0.00143414 0.182199
78.788 0.00142889 0.181699
78.9804 0.00142368 0.181198
79.1728 0.0014185 0.180704
79.3652 0.00141335 0.180215
79.5576 0.00140823 0.179727
79.75 0.00140314 0.179239
79.9424 0.00139808 0.178757
80.1348 0.00139305 0.178275
80.3272 0.00138805 0.177792
80.5196 0.00138308 0.177316
80.712 0.00137814 0.17684
80.9044 0.00137323 0.17637
81.0968 0.00136835 0.1759
81.2892 0.0013635 0.17543
81.4816 0.00135868 0.174966
81.674 0.00135388 0.174503
81.8664 0.00134912 0.174039
82.0588 0.00134438 0.173581
82.2512 0.00133967 0.173129
82.4436 0.00133498 0.172672
82.636 0.00133032 0.17222
82.8284 0.0013257 0.171774
83.0208 0.00132109 0.171323
83.2132 0.00131652 0.170877
83.4056 0.00131197 0.170438
83.598 0.00130744 0.169998
83.7904 0.00130295 0.169559
83.9828 0.00129847 0.169119
84.1752 0.00129403 0.168686
84.3676 0.00128961 0.168253
84.56 0.00128521 0.167825
84.7524 0.00128084 0.167398
84.9448 0.00127649 0.166971
85.1372 0.00127217 0.166544
85.3296 0.00126787 0.166122
85.522 0.0012636 0.165701
85.7144 0.00125935 0.165286
85.9068 0.00125512 0.164871
86.0992 0.00125092 0.164456
86.2916 0.00124674 0.164041
86.484 0.00124259 0.163632
86.6764 0.00123846 0.163223
86.8688 0.00123435 0.16282
87.0612 0.00123026 0.162411
87.2536 0.00122619 0.162009
87.446 0.00122215 0.161612
87.6384 0.00121813 0.161209
87.8308 0.00121413 0.160812
88.0232 0.00121016 0.160416
88.2156 0.0012062 0.160025
88.408 0.00120227 0.159634
88.6004 0.00119836 0.159244
88.7928 0.00119447 0.158853
88.9852 0.0011906 0.158469
89.1776 0.00118675 0.158084
89.37 0.00118292 0.1577
89.5624 0.00117911 0.157321
89.7548 0.00117533 0.156943
89.9472 0.00117156 0.156564
90.1396 0.00116781 0.156186
90.332 0.00116409 0.155814
90.5244 0.00116038 0.155441
90.7168 0.00115669 0.155069
90.9092 0.00115302 0.154703
91.1016 0.00114938 0.15433
91.294 0.00114575 0.153964
91.4864 0.00114214 0.153604
91.6788 0.00113854 0.153238
91.8712 0.00113497 0.152878
92.0636 0.00113142 0.152518
92.256 0.00112788 0.152164
92.4484 0.00112437 0.151804
92.6408 0.00112087 0.15145
92.8332 0.00111739 0.151096
93.0256 0.00111392 0.150748
93.218 0.00111048 0.150394
93.4104 0.00110705 0.150046
93.6028 0.00110364 0.149698
93.7952 0.00110025 0.149356
93.9876 0.00109687 0.149008
94.18 0.00109352 0.148666
94.3724 0.00109018 0.148325
94.5648 0.00108685 0.147983
94.7572 0.00108355 0.147647
94.9496 0.00108026 0.147311
95.142 0.00107698 0.146976
95.3344 0.00107373 0.14664
95.5268 0.00107048 0.14631
95.7192 0.00106726 0.145975
95.9116 0.00106405 0.145645
96.104 0.00106086 0.145322
96.2964 0.00105768 0.144992
96.4888 0.00105452 0.144669
96.6812 0.00105138 0.144345
96.8736 0.00104825 0.144022
97.066 0.00104514 0.143698
97.2584 0.00104204 0.143381
97.4508 0.00103896 0.143057
97.6432 0.00103589 0.14274
97.8356 0.00103284 0.142422
98.028 0.0010298 0.142111
98.2204 0.00102678 0.1418
98.4128 0.00102377 0.141483
98.6052 0.00102077 0.141171
98.7976 0.00101779 0.140866
98.99 0.00101483 0.140555
99.1824 0.00101188 0.14025
99.3748 0.00100894 0.139944
99.5672 0.00100602 0.139639
99.7596 0.00100312 0.139334
99.952 0.00100022 0.139029
100.144 0.000997342 0.13873
100.337 0.000994477 0.138431
100.529 0.000991624 0.138132
100.722 0.000988786 0.137833
100.914 0.000985961 0.13754
101.106 0.000983149 0.137247
101.299 0.000980351 0.136948
101.491 0.000977566 0.136661
101.684 0.000974794 0.136368
101.876 0.000972035 0.136075
102.068 0.000969289 0.135788
102.261 0.000966557 0.135501
102.453 0.000963836 0.135214
102.646 0.000961129 0.134927
102.838 0.000958434 0.134641
103.03 0.000955752 0.13436
103.223 0.000953083 0.134079
103.415 0.000950425 0.133792
103.608 0.00094778 0.133517
103.8 0.000945148 0.133237
103.992 0.000942527 0.132956
104.185 0.000939919 0.132681
104.377 0.000937322 0.132407
104.57 0.000934738 0.132132
104.762 0.000932165 0.131857
104.954 0.000929604 0.131583
105.147 0.000927055 0.131314
105.339 0.000924518 0.131039
105.532 0.000921992 0.130771
105.724 0.000919477 0.130502
105.916 0.000916974 0.13024
106.109 0.000914482 0.129971
106.301 0.000912002 0.129703
106.494 0.000909533 0.12944
106.686 0.000907074 0.129178
106.878 0.000904627 0.128915
107.071 0.000902191 0.128653
107.263 0.000899766 0.128397
107.456 0.000897352 0.128134
107.648 0.000894948 0.127878
107.84 0.000892555 0.127621
108.033 0.000890173 0.127365
108.225 0.000887801 0.127109
108.418 0.00088544 0.126852
108.61 0.000883089 0.126596
108.802 0.000880749 0.126346
108.995 0.000878419 0.126096
109.187 0.000876099 0.125845
109.38 0.00087379 0.125595
109.572 0.00087149 0.125345
109.764 0.000869201 0.125095
109.957 0.000866921 0.12485
110.149 0.000864652 0.124606
110.342 0.000862392 0.124356
110.534 0.000860143 0.124112
110.726 0.000857903 0.123874
110.919 0.000855672 0.12363
111.111 0.000853452 0.123386
111.304 0.000851241 0.123148
111.496 0.000849039 0.122903
111.688 0.000846847 0.122665
111.881 0.000844665 0.122427
112.073 0.000842491 0.122189
112.266 0.000840328 0.121957
112.458 0.000838173 0.121719
112.65 0.000836027 0.121487
112.843 0.000833891 0.121249
113.035 0.000831764 0.121017
113.228 0.000829645 0.120786
113.42 0.000827536 0.120554
113.612 0.000825436 0.120322
113.805 0.000823344 0.120096
113.997 0.000821262 0.119864
114.19 0.000819188 0.119638
114.382 0.000817123 0.119412
114.574 0.000815066 0.119186
114.767 0.000813018 0.118961
114.959 0.000810979 0.118735
115.152 0.000808948 0.118509
115.344 0.000806926 0.118289
115.536 0.000804912 0.118063
115.729 0.000802906 0.117844
115.921 0.000800909 0.117624
116.114 0.00079892 0.117398
116.306 0.000796939 0.117184
116.498 0.000794966 0.116965
116.691 0.000793002 0.116745
116.883 0.000791045 0.116525
117.076 0.000789097 0.116312
117.268 0.000787156 0.116098
117.46 0.000785224 0.115878
117.653 0.000783299 0.115665
117.845 0.000781383 0.115451
118.038 0.000779474 0.115244
118.23 0.000777572 0.11503
118.422 0.000775679 0.114816
118.615 0.000773793 0.114609
118.807 0.000771915 0.114395
119 0.000770044 0.114188
119.192 0.000768181 0.11398
119.384 0.000766326 0.113773
119.577 0.000764478 0.113565
119.769 0.000762637 0.113358
119.962 0.000760804 0.113156
120.154 0.000758978 0.112949
120.346 0.000757159 0.112747
120.539 0.000755348 0.11254
120.731 0.000753544 0.112338
120.924 0.000751747 0.112137
121.116 0.000749957 0.111935
121.308 0.000748174 0.111734
121.501 0.000746398 0.111533
121.693 0.000744629 0.111337
121.886 0.000742868 0.111136
122.078 0.000741113 0.110941
122.27 0.000739365 0.110739
122.463 0.000737624 0.110544
122.655 0.000735889 0.110349
122.848 0.000734162 0.110153
123.04 0.000732441 0.109958
123.232 0.000730727 0.109763
123.425 0.00072902 0.109573
123.617 0.000727319 0.109378
123.81 0.000725625 0.109189
124.002 0.000723938 0.108994
124.194 0.000722257 0.108804
124.387 0.000720582 0.108615
124.579 0.000718914 0.108426
124.772 0.000717252 0.108237
124.964 0.000715597 0.108047
125.156 0.000713948 0.107858
125.349 0.000712306 0.107669
125.541 0.000710669 0.107486
125.734 0.000709039 0.107297
125.926 0.000707416 0.107114
126.118 0.000705798 0.106931
126.311 0.000704187 0.106741
126.503 0.000702581 0.106558
126.696 0.000700982 0.106375
126.888 0.000699389 0.106192
127.08 0.000697802 0.106015
127.273 0.000696221 0.105832
127.465 0.000694645 0.105649
127.658 0.000693076 0.105472
127.85 0.000691513 0.105289
128.042 0.000689955 0.105112
128.235 0.000688404 0.104935
128.427 0.000686858 0.104758
128.62 0.000685318 0.104581
128.812 0.000683783 0.104404
129.004 0.000682255 0.104227
129.197 0.000680732 0.10405
129.389 0.000679214 0.103873
129.582 0.000677703 0.103702
129.774 0.000676197 0.103525
129.966 0.000674696 0.103354
130.159 0.000673201 0.103177
130.351 0.000671712 0.103006
130.544 0.000670228 0.102835
130.736 0.00066875 0.102664
130.928 0.000667276 0.102493
131.121 0.000665809 0.102322
131.313 0.000664347 0.102151
131.506 0.00066289 0.101987
131.698 0.000661438 0.101816
131.89 0.000659992 0.101645
132.083 0.000658551 0.10148
132.275 0.000657115 0.101315
132.468 0.000655684 0.101144
132.66 0.000654259 0.10098
132.852 0.000652838 0.100815
133.045 0.000651423 0.10065
133.237 0.000650013 0.100485
133.43 0.000648608 0.10032
133.622 0.000647208 0.100156
133.814 0.000645813 0.0999969
134.007 0.000644424 0.0998322
134.199 0.000643039 0.0996674
134.392 0.000641659 0.0995087
134.584 0.000640284 0.09935
134.776 0.000638914 0.0991852
134.969 0.000637548 0.0990265
135.161 0.000636188 0.0988678
135.354 0.000634832 0.0987091
135.546 0.000633482 0.0985504
135.738 0.000632136 0.0983917
135.931 0.000630794 0.098233
136.123 0.000629458 0.0980743
136.316 0.000628126 0.0979218
136.508 0.000626799 0.0977631
136.7 0.000625477 0.0976044
136.893 0.000624159 0.0974518
137.085 0.000622846 0.0972992
137.278 0.000621537 0.0971405
137.47 0.000620233 0.0969879
137.662 0.000618934 0.0968353
137.855 0.000617639 0.0966827
138.047 0.000616349 0.0965302
138.24 0.000615063 0.0963776
138.432 0.000613781 0.096225
138.624 0.000612504 0.0960724
138.817 0.000611232 0.0959198
139.009 0.000609964 0.0957733
139.202 0.0006087 0.0956207
139.394 0.00060744 0.0954742
139.586 0.000606185 0.0953217
139.779 0.000604935 0.0951752
139.971 0.000603688 0.0950287
140.164 0.000602446 0.0948761
140.356 0.000601208 0.0947296
140.548 0.000599974 0.0945831
140.741 0.000598745 0.0944366
140.933 0.000597519 0.0942902
141.126 0.000596298 0.0941437
141.318 0.000595081 0.0940033
141.51 0.000593868 0.0938568
141.703 0.00059266 0.0937103
141.895 0.000591455 0.0935699
142.088 0.000590254 0.0934235
142.28 0.000589058 0.0932831
142.472 0.000587866 0.0931366
142.665 0.000586677 0.0929962
142.857 0.000585493 0.0928558
143.05 0.000584312 0.0927094
143.242 0.000583136 0.092569
143.434 0.000581963 0.0924286
143.627 0.000580794 0.0922882
143.819 0.00057963 0.0921478
144.012 0.000578469 0.0920074
144.204 0.000577312 0.0918732
144.396 0.000576159 0.0917328
144.589 0.000575009 0.0915924
144.781 0.000573864 0.091452
144.974 0.000572722 0.0913177
145.166 0.000571584 0.0911774
145.358 0.00057045 0.0910431
145.551 0.00056932 0.0909088
145.743 0.000568193 0.0907684
145.936 0.00056707 0.0906342
146.128 0.000565951 0.0904999
146.32 0.000564835 0.0903656
146.513 0.000563723 0.0902313
146.705 0.000562615 0.090097
146.898 0.00056151 0.0899628
147.09 0.000560409 0.0898285
147.282 0.000559312 0.0896942
147.475 0.000558218 0.0895599
147.667 0.000557128 0.0894318
147.86 0.000556041 0.0892975
148.052 0.000554958 0.0891693
148.244 0.000553878 0.089035
148.437 0.000552802 0.0889069
148.629 0.000551729 0.0887726
148.822 0.00055066 0.0886444
149.014 0.000549594 0.0885162
149.206 0.000548532 0.088382
149.399 0.000547473 0.0882538
149.591 0.000546417 0.0881256
149.784 0.000545365 0.0879974
149.976 0.000544316 0.0878693
150.168 0.00054327 0.0877411
150.361 0.000542228 0.0876129
150.553 0.00054119 0.0874847
150.746 0.000540154 0.0873627
150.938 0.000539122 0.0872345
151.13 0.000538093 0.0871063
151.323 0.000537067 0.0869843
151.515 0.000536045 0.0868561
151.708 0.000535026 0.086734
151.9 0.00053401 0.0866058
152.092 0.000532997 0.0864838
152.285 0.000531988 0.0863617
152.477 0.000530981 0.0862335
152.67 0.000529978 0.0861115
152.862 0.000528978 0.0859894
153.054 0.000527981 0.0858673
153.247 0.000526988 0.0857452
153.439 0.000525997 0.0856232
153.632 0.000525009 0.0855011
153.824 0.000524025 0.085379
154.016 0.000523044 0.085257
154.209 0.000522065 0.0851349
154.401 0.00052109 0.0850189
154.594 0.000520118 0.0848969
154.786 0.000519149 0.0847748
154.978 0.000518182 0.0846588
155.171 0.000517219 0.0845367
155.363 0.000516259 0.0844208
155.556 0.000515302 0.0842987
155.748 0.000514347 0.0841827
155.94 0.000513396 0.0840668
156.133 0.000512448 0.0839447
156.325 0.000511502 0.0838287
156.518 0.00051056 0.0837128
156.71 0.00050962 0.0835968
156.902 0.000508683 0.0834808
157.095 0.000507749 0.0833649
157.287 0.000506818 0.0832489
157.48 0.00050589 0.0831329
157.672 0.000504964 0.083017
157.864 0.000504042 0.082901
158.057 0.000503122 0.082785
158.249 0.000502205 0.0826752
158.442 0.00050129 0.0825592
158.634 0.000500379 0.0824432
158.826 0.00049947 0.0823334
159.019 0.000498564 0.0822174
159.211 0.000497661 0.0821075
159.404 0.000496761 0.0819916
159.596 0.000495863 0.0818817
159.788 0.000494968 0.0817719
159.981 0.000494075 0.0816559
160.173 0.000493185 0.081546
160.366 0.000492298 0.0814362
160.558 0.000491414 0.0813263
160.75 0.000490532 0.0812103
160.943 0.000489653 0.0811005
161.135 0.000488777 0.0809906
161.328 0.000487903 0.0808807
161.52 0.000487031 0.0807709
161.712 0.000486163 0.0806671
161.905 0.000485297 0.0805573
162.097 0.000484433 0.0804474
162.29 0.000483572 0.0803375
162.482 0.000482714 0.0802277
162.674 0.000481858 0.0801239
162.867 0.000481004 0.080014
163.059 0.000480153 0.0799103
163.252 0.000479305 0.0798004
163.444 0.000478459 0.0796967
163.636 0.000477616 0.0795868
163.829 0.000476775 0.079483
164.021 0.000475936 0.0793732
164.214 0.0004751 0.0792694
164.406 0.000474267 0.0791656
164.598 0.000473436 0.0790619
164.791 0.000472607 0.078952
164.983 0.000471781 0.0788483
165.176 0.000470957 0.0787445
165.368 0.000470135 0.0786407
165.56 0.000469316 0.078537
165.753 0.0004685 0.0784332
165.945 0.000467685 0.0783295
166.138 0.000466873 0.0782257
166.33 0.000466064 0.0781219
166.522 0.000465256 0.0780243
166.715 0.000464451 0.0779205
166.907 0.000463649 0.0778168
167.1 0.000462848 0.077713
167.292 0.00046205 0.0776154
167.484 0.000461254 0.0775116
167.677 0.000460461 0.0774139
167.869 0.00045967 0.0773102
168.062 0.000458881 0.0772064
168.254 0.000458094 0.0771088
168.446 0.00045731 0.0770111
168.639 0.000456528 0.0769073
168.831 0.000455748 0.0768097
169.024 0.00045497 0.076712
169.216 0.000454194 0.0766083
169.408 0.000453421 0.0765106
169.601 0.00045265 0.076413
169.793 0.000451881 0.0763153
169.986 0.000451114 0.0762177
170.178 0.000450349 0.07612
170.37 0.000449587 0.0760223
170.563 0.000448826 0.0759247
170.755 0.000448068 0.075827
170.948 0.000447312 0.0757294
171.14 0.000446558 0.0756317
171.332 0.000445806 0.0755341
171.525 0.000445057 0.0754364
171.717 0.000444309 0.0753448
171.91 0.000443564 0.0752472
172.102 0.00044282 0.0751495
172.294 0.000442079 0.075058
172.487 0.000441339 0.0749603
172.679 0.000440602 0.0748627
172.872 0.000439867 0.0747711
173.064 0.000439134 0.0746735
173.256 0.000438403 0.0745819
173.449 0.000437674 0.0744904
173.641 0.000436947 0.0743927
173.834 0.000436222 0.0743011
174.026 0.000435499 0.0742035
174.218 0.000434777 0.0741119
174.411 0.000434058 0.0740204
174.603 0.000433341 0.0739288
174.796 0.000432626 0.0738373
174.988 0.000431913 0.0737396
175.18 0.000431202 0.0736481
175.373 0.000430493 0.0735565
175.565 0.000429785 0.073465
175.758 0.00042908 0.0733734
175.95 0.000428376 0.0732819
176.142 0.000427675 0.0731903
176.335 0.000426975 0.0730988
176.527 0.000426278 0.0730133
176.72 0.000425582 0.0729218
176.912 0.000424888 0.0728302
177.104 0.000424196 0.0727386
177.297 0.000423506 0.0726532
177.489 0.000422817 0.0725616
177.682 0.000422131 0.0724701
177.874 0.000421446 0.0723846
178.066 0.000420764 0.0722931
178.259 0.000420083 0.0722015
178.451 0.000419404 0.0721161
178.644 0.000418727 0.0720245
178.836 0.000418051 0.0719391
179.028 0.000417378 0.0718536
179.221 0.000416706 0.0717621
179.413 0.000416036 0.0716766
179.606 0.000415368 0.0715851
179.798 0.000414701 0.0714996
179.99 0.000414037 0.0714142
180.183 0.000413374 0.0713287
180.375 0.000412713 0.0712372
180.568 0.000412053 0.0711517
180.76 0.000411396 0.0710663
180.952 0.00041074 0.0709808
181.145 0.000410086 0.0708954
181.337 0.000409434 0.0708099
181.53 0.000408783 0.0707245
181.722 0.000408134 0.070639
181.914 0.000407487 0.0705536
182.107 0.000406841 0.0704681
182.299 0.000406198 0.0703827
182.492 0.000405555 0.0702972
182.684 0.000404915 0.0702179
182.876 0.000404276 0.0701324
183.069 0.000403639 0.070047
183.261 0.000403004 0.0699615
183.454 0.00040237 0.0698822
183.646 0.000401738 0.0697968
183.838 0.000401108 0.0697113
184.031 0.000400479 0.069632
184.223 0.000399852 0.0695465
184.416 0.000399227 0.0694672
184.608 0.000398603 0.0693817
184.8 0.000397981 0.0693024
184.993 0.00039736 0.0692169
185.185 0.000396741 0.0691376
185.378 0.000396124 0.0690521
185.57 0.000395508 0.0689728
185.762 0.000394894 0.0688934
185.955 0.000394281 0.068808
186.147 0.00039367 0.0687286
186.34 0.000393061 0.0686493
186.532 0.000392453 0.0685699
186.724 0.000391847 0.0684845
186.917 0.000391242 0.0684052
187.109 0.000390639 0.0683258
187.302 0.000390037 0.0682465
187.494 0.000389437 0.0681671
187.686 0.000388838 0.0680878
187.879 0.000388241 0.0680084
188.071 0.000387646 0.0679291
188.264 0.000387052 0.0678497
188.456 0.000386459 0.0677704
188.648 0.000385869 0.067691
188.841 0.000385279 0.0676117
189.033 0.000384691 0.0675323
189.226 0.000384105 0.0674591
189.418 0.00038352 0.0673798
189.61 0.000382936 0.0673004
189.803 0.000382354 0.0672211
189.995 0.000381774 0.0671478
190.188 0.000381195 0.0670685
190.38 0.000380617 0.0669891
190.572 0.000380041 0.0669159
190.765 0.000379466 0.0668365
190.957 0.000378893 0.0667572
191.15 0.000378321 0.066684
191.342 0.000377751 0.0666046
191.534 0.000377182 0.0665314
191.727 0.000376614 0.066452
191.919 0.000376048 0.0663788
192.112 0.000375484 0.0663055
192.304 0.00037492 0.0662262
192.496 0.000374359 0.066153
192.689 0.000373798 0.0660736
192.881 0.000373239 0.0660004
193.074 0.000372681 0.0659271
193.266 0.000372125 0.0658539
193.458 0.00037157 0.0657745
193.651 0.000371017 0.0657013
193.843 0.000370465 0.0656281
194.036 0.000369914 0.0655548
194.228 0.000369364 0.0654816
194.42 0.000368816 0.0654083
194.613 0.00036827 0.065329
194.805 0.000367724 0.0652557
194.998 0.00036718 0.0651825
195.19 0.000366638 0.0651093
195.382 0.000366096 0.065036
195.575 0.000365556 0.0649628
195.767 0.000365018 0.0648895
195.96 0.00036448 0.0648224
196.152 0.000363944 0.0647491
196.344 0.00036341 0.0646759
196.537 0.000362876 0.0646027
196.729 0.000362344 0.0645294
196.922 0.000361813 0.0644562
197.114 0.000361284 0.064389
197.306 0.000360755 0.0643158
197.499 0.000360229 0.0642426
197.691 0.000359703 0.0641754
197.884 0.000359179 0.0641022
198.076 0.000358655 0.0640289
198.268 0.000358134 0.0639618
198.461 0.000357613 0.0638885
198.653 0.000357094 0.0638153
198.846 0.000356576 0.0637482
199.038 0.000356059 0.0636749
199.23 0.000355543 0.0636078
199.423 0.000355029 0.0635345
199.615 0.000354516 0.0634674
199.808 0.000354004 0.0634003
200 0.000353493 0.063327
