7.6 0.0466063 1.35656
7.7924 0.0449305 1.31225
7.9848 0.0433524 1.27034
8.1772 0.0418641 1.23065
8.3696 0.0404588 1.19299
8.562 0.03913 1.15724
8.7544 0.0378722 1.12326
8.9468 0.0366801 1.09092
9.1392 0.035549 1.06011
9.3316 0.0344747 1.03073
9.524 0.0334533 1.00268
9.7164 0.0324811 0.975887
9.9088 0.0315551 0.950268
10.1012 0.0306721 0.925747
10.2936 0.0298294 0.902264
10.486 0.0290245 0.879747
10.6784 0.0282551 0.858152
10.8708 0.027519 0.837416
11.0632 0.0268142 0.817503
11.2556 0.026139 0.798355
11.448 0.0254915 0.779935
11.6404 0.0248704 0.762204
11.8328 0.024274 0.745126
12.0252 0.023701 0.728665
12.2176 0.0231502 0.712796
12.41 0.0226203 0.697487
12.6024 0.0221103 0.682705
12.7948 0.0216192 0.668429
12.9872 0.021146 0.654634
13.1796 0.0206898 0.641294
13.372 0.0202497 0.628391
13.5644 0.019825 0.615905
13.7568 0.0194149 0.603819
13.9492 0.0190188 0.592113
14.1416 0.0186359 0.58076
14.334 0.0182658 0.569765
14.5264 0.0179077 0.559099
14.7188 0.0175611 0.548753
14.9112 0.0172256 0.53871
15.1036 0.0169006 0.52896
15.296 0.0165857 0.519484
15.4884 0.0162805 0.510283
15.6808 0.0159845 0.501338
15.8732 0.0156974 0.492641
16.0656 0.0154188 0.48418
16.258 0.0151483 0.475956
16.4504 0.0148857 0.467945
16.6428 0.0146305 0.460148
16.8352 0.0143826 0.452557
17.0276 0.0141416 0.445164
17.22 0.0139073 0.437954
17.4124 0.0136793 0.430935
17.6048 0.0134576 0.424084
17.7972 0.0132417 0.417408
17.9896 0.0130316 0.4109
18.182 0.012827 0.404545
18.3744 0.0126277 0.398343
18.5668 0.0124335 0.392288
18.7592 0.0122443 0.38638
18.9516 0.0120598 0.380606
19.144 0.0118799 0.374966
19.3364 0.0117044 0.369455
19.5288 0.0115333 0.364072
19.7212 0.0113662 0.35881
19.9136 0.0112032 0.353665
20.106 0.0110441 0.34863
20.2984 0.0108886 0.34371
20.4908 0.0107369 0.338895
20.6832 0.0105886 0.334183
20.8756 0.0104437 0.329568
21.068 0.0103021 0.325052
21.2604 0.0101636 0.320633
21.4528 0.0100283 0.316306
21.6452 0.00989595 0.31207
21.8376 0.0097665 0.307913
22.03 0.00963985 0.303848
22.2224 0.00951592 0.299858
22.4148 0.00939465 0.295949
22.6072 0.00927593 0.292122
22.7996 0.00915971 0.288368
22.992 0.0090459 0.284688
23.1844 0.00893445 0.281071
23.3768 0.00882527 0.277528
23.5692 0.00871831 0.274059
23.7616 0.00861351 0.270644
23.954 0.0085108 0.267302
24.1464 0.00841013 0.264015
24.3388 0.00831144 0.260793
24.5312 0.00821467 0.257625
24.7236 0.00811978 0.254521
24.916 0.00802671 0.251463
25.1084 0.00793543 0.24847
25.3008 0.00784587 0.245522
25.4932 0.00775799 0.242628
25.6856 0.00767175 0.23979
25.878 0.0075871 0.236998
26.0704 0.00750402 0.234251
26.2628 0.00742245 0.23156
26.4552 0.00734236 0.228905
26.6476 0.00726372 0.226295
26.84 0.00718648 0.223732
27.0324 0.0071106 0.221214
27.2248 0.00703607 0.218733
27.4172 0.00696284 0.216298
27.6096 0.00689089 0.213899
27.802 0.00682017 0.211537
27.9944 0.00675068 0.209212
28.1868 0.00668235 0.206932
28.3792 0.00661519 0.20468
28.5716 0.00654916 0.202473
28.764 0.00648423 0.200294
28.9564 0.00642037 0.198148
29.1488 0.00635757 0.196036
29.3412 0.0062958 0.193961
29.5336 0.00623503 0.19191
29.726 0.00617525 0.189896
29.9184 0.00611643 0.187912
30.1108 0.00605854 0.185953
30.3032 0.00600158 0.18403
30.4956 0.00594551 0.182132
30.688 0.00589032 0.180258
30.8804 0.00583599 0.178421
31.0728 0.0057825 0.176602
31.2652 0.00572984 0.174814
31.4576 0.00567798 0.17305
31.65 0.00562691 0.17131
31.8424 0.00557661 0.169601
32.0348 0.00552706 0.167911
32.2272 0.00547826 0.166245
32.4196 0.00543018 0.164603
32.612 0.00538282 0.162985
32.8044 0.00533615 0.161386
32.9968 0.00529016 0.159811
33.1892 0.00524483 0.158255
33.3816 0.00520017 0.156723
33.574 0.00515613 0.155215
33.7664 0.00511274 0.15372
33.9588 0.00506995 0.152249
34.1512 0.00502778 0.150797
34.3436 0.00498619 0.149368
34.536 0.00494518 0.147952
34.7284 0.00490474 0.146561
34.9208 0.00486487 0.145181
35.1132 0.00482555 0.14382
35.3056 0.00478676 0.142477
35.498 0.00474849 0.141153
35.6904 0.00471074 0.139847
35.8828 0.0046735 0.138559
36.0752 0.00463676 0.137283
36.2676 0.00460051 0.136026
36.46 0.00456474 0.134781
36.6524 0.00452945 0.133554
36.8448 0.00449461 0.132339
37.0372 0.00446022 0.131143
37.2296 0.00442629 0.129965
37.422 0.0043928 0.128793
37.6144 0.00435973 0.12764
37.8068 0.00432709 0.126498
37.9992 0.00429486 0.125375
38.1916 0.00426304 0.124265
38.384 0.00423162 0.12316
38.5764 0.0042006 0.122073
38.7688 0.00416996 0.120999
38.9612 0.00413971 0.119943
39.1536 0.00410983 0.118893
39.346 0.00408032 0.117856
39.5384 0.00405117 0.11683
39.7308 0.00402237 0.115817
39.9232 0.00399392 0.114816
40.1156 0.00396582 0.113828
40.308 0.00393805 0.112851
40.5004 0.00391062 0.11188
40.6928 0.0038835 0.110928
40.8852 0.00385673 0.109982
41.0776 0.00383027 0.109042
41.27 0.0038041 0.108121
41.4624 0.00377825 0.107205
41.6548 0.0037527 0.106302
41.8472 0.00372746 0.105405
42.0396 0.00370249 0.10452
42.232 0.00367782 0.103647
42.4244 0.00365343 0.10278
42.6168 0.00362931 0.101926
42.8092 0.00360546 0.101077
43.0016 0.0035819 0.100241
43.194 0.00355859 0.099411
43.3864 0.00353555 0.098587
43.5788 0.00351277 0.0977753
43.7712 0.00349022 0.0969757
43.9636 0.00346795 0.0961761
44.156 0.0034459 0.0953949
44.3484 0.00342411 0.0946136
44.5408 0.00340255 0.0938446
44.7332 0.00338122 0.0930817
44.9256 0.00336013 0.0923248
45.118 0.00333926 0.0915802
45.3104 0.00331863 0.0908417
45.5028 0.00329821 0.0901093
45.6952 0.003278 0.0893829
45.8876 0.00325802 0.0886627
46.08 0.00323824 0.0879547
46.2724 0.00321868 0.0872528
46.4648 0.00319931 0.086557
46.6572 0.00318015 0.0858673
46.8496 0.00316119 0.0851837
47.042 0.00314244 0.0845062
47.2344 0.00312385 0.0838409
47.4268 0.00310549 0.0831757
47.6192 0.00308731 0.0825165
47.8116 0.0030693 0.0818695
48.004 0.00305148 0.0812225
48.1964 0.00303384 0.0805878
48.3888 0.00301638 0.079953
48.5812 0.00299909 0.0793304
48.7736 0.00298199 0.0787079
48.966 0.00296504 0.0780975
49.1584 0.00294827 0.0774872
49.3508 0.00293166 0.076889
49.5432 0.00291522 0.0762909
49.7356 0.00289893 0.0756989
49.928 0.00288281 0.0751129
50.1204 0.00286686 0.0745331
50.3128 0.00285105 0.0739594
50.5052 0.0028354 0.0733856
50.6976 0.00281989 0.0728241
50.89 0.00280455 0.0722626
51.0824 0.00278933 0.0717072
51.2748 0.00277427 0.0711578
51.4672 0.00275936 0.0706146
51.6596 0.00274459 0.0700714
51.852 0.00272996 0.0695404
52.0444 0.00271545 0.0690094
52.2368 0.00270109 0.0684845
52.4292 0.00268687 0.0679596
52.6216 0.00267277 0.0674469
52.814 0.00265881 0.0669342
53.0064 0.00264499 0.0664276
53.1988 0.00263128 0.065921
53.3912 0.00261771 0.0654266
53.5836 0.00260425 0.0649323
53.776 0.00259094 0.0644379
53.9684 0.00257771 0.0639557
54.1608 0.00256464 0.0634735
54.3532 0.00255167 0.0629974
54.5456 0.00253882 0.0625214
54.738 0.00252607 0.0620514
54.9304 0.00251345 0.0615875
55.1228 0.00250094 0.0611237
55.3152 0.00248856 0.0606659
55.5076 0.00247627 0.0602081
55.7 0.00246409 0.0597626
55.8924 0.00245204 0.0593109
56.0848 0.00244006 0.0588715
56.2772 0.00242821 0.058432
56.4696 0.00241646 0.0579926
56.662 0.0024048 0.0575653
56.8544 0.00239324 0.057132
57.0468 0.0023818 0.0567108
57.2392 0.00237046 0.0562836
57.4316 0.0023592 0.0558685
57.624 0.00234804 0.0554535
57.8164 0.00233699 0.0550385
58.0088 0.00232601 0.0546295
58.2012 0.00231513 0.0542267
58.3936 0.00230435 0.0538239
58.586 0.00229367 0.0534271
58.7784 0.00228305 0.0530304
58.9708 0.00227257 0.0526337
59.1632 0.00226215 0.052243
59.3556 0.00225179 0.0518585
59.548 0.00224157 0.051474
59.7404 0.0022314 0.0510956
59.9328 0.00222132 0.0507172
60.1252 0.00221134 0.0503387
60.3176 0.0022014 0.0499664
60.51 0.00219156 0.0496002
60.7024 0.00218181 0.049234
60.8948 0.00217215 0.0488678
61.0872 0.00216257 0.0485077
61.2796 0.00215304 0.0481476
61.472 0.0021436 0.0477936
61.6644 0.00213424 0.0474396
61.8568 0.00212497 0.0470917
62.0492 0.00211574 0.0467438
62.2416 0.00210663 0.0463959
62.434 0.00209756 0.0460541
62.6264 0.00208858 0.0457123
62.8188 0.00207963 0.0453766
63.0112 0.0020708 0.0450409
63.2036 0.00206201 0.0447052
63.396 0.0020533 0.0443756
63.5884 0.00204466 0.044046
63.7808 0.0020361 0.0437225
63.9732 0.00202758 0.043399
64.1656 0.00201917 0.0430756
64.358 0.00201079 0.0427582
64.5504 0.00200248 0.0424408
64.7428 0.00199425 0.0421234
64.9352 0.00198604 0.0418121
65.1276 0.00197795 0.0415009
65.32 0.00196988 0.0411957
65.5124 0.00196189 0.0408905
65.7048 0.00195396 0.0405853
65.8972 0.0019461 0.0402802
66.0896 0.00193826 0.0399811
66.282 0.00193054 0.039682
66.4744 0.00192283 0.039389
66.6668 0.0019152 0.0390961
66.8592 0.00190762 0.0388031
67.0516 0.00190007 0.0385162
67.244 0.00189262 0.0382233
67.4364 0.00188519 0.0379425
67.6288 0.00187788 0.0376556
67.8212 0.00187057 0.0373749
68.0136 0.00186333 0.0370941
68.206 0.00185615 0.0368134
68.3984 0.00184898 0.0365387
68.5908 0.00184191 0.036264
68.7832 0.00183486 0.0359894
68.9756 0.00182787 0.0357208
69.168 0.00182094 0.0354523
69.3604 0.00181406 0.0351837
69.5528 0.00180724 0.0349152
69.7452 0.00180048 0.0346527
69.9376 0.00179372 0.0343903
70.13 0.00178707 0.0341278
70.3224 0.00178042 0.0338715
70.5148 0.00177383 0.033609
70.7072 0.00176729 0.0333527
70.8996 0.00176081 0.0331024
71.092 0.00175437 0.0328461
71.2844 0.00174794 0.0325958
71.4768 0.00174162 0.0323456
71.6692 0.00173529 0.0321014
71.8616 0.00172901 0.0318512
72.054 0.00172279 0.0316071
72.2464 0.00171661 0.0313629
72.4388 0.00171049 0.0311188
72.6312 0.00170441 0.0308807
72.8236 0.00169833 0.0306427
73.016 0.00169235 0.0304047
73.2084 0.00168637 0.0301666
73.4008 0.00168048 0.0299286
73.5932 0.00167459 0.0296967
73.7856 0.00166875 0.0294647
73.978 0.00166296 0.0292328
74.1704 0.00165721 0.0290009
74.3628 0.00165145 0.028775
74.5552 0.00164579 0.0285492
74.7476 0.00164012 0.0283234
74.94 0.00163455 0.0280975
75.1324 0.00162897 0.0278778
75.3248 0.00162343 0.027652
75.5172 0.00161793 0.0274323
75.7096 0.00161248 0.0272125
75.902 0.00160707 0.0269928
76.0944 0.00160171 0.0267792
76.2868 0.00159638 0.0265594
76.4792 0.00159104 0.0263458
76.6716 0.0015858 0.0261322
76.864 0.00158054 0.0259186
77.0564 0.00157532 0.0257111
77.2488 0.0015702 0.0254974
77.4412 0.00156506 0.0252899
77.6336 0.00155997 0.0250824
77.826 0.00155491 0.0248749
78.0184 0.00154982 0.0246735
78.2108 0.00154484 0.0244659
78.4032 0.0015399 0.0242645
78.5956 0.00153493 0.0240631
78.788 0.00153006 0.0238617
78.9804 0.00152517 0.0236603
79.1728 0.00152037 0.0234589
79.3652 0.00151555 0.0232635
79.5576 0.00151077 0.0230621
79.75 0.00150602 0.0228668
79.9424 0.00150131 0.0226715
80.1348 0.00149664 0.0224762
80.3272 0.001492 0.022287
80.5196 0.00148739 0.0220917
80.712 0.00148276 0.0219025
80.9044 0.00147822 0.0217133
81.0968 0.00147365 0.021524
81.2892 0.00146918 0.0213348
81.4816 0.00146468 0.0211456
81.674 0.00146028 0.0209564
81.8664 0.00145585 0.0207733
82.0588 0.00145145 0.0205841
82.2512 0.00144708 0.020401
82.4436 0.00144274 0.0202179
82.636 0.00143844 0.0200348
82.8284 0.00143416 0.0198517
83.0208 0.00142992 0.0196747
83.2132 0.00142571 0.0194916
83.4056 0.00142147 0.0193146
83.598 0.00141732 0.0191315
83.7904 0.0014132 0.0189545
83.9828 0.00140904 0.0187775
84.1752 0.00140498 0.0186005
84.3676 0.00140088 0.0184296
84.56 0.00139682 0.0182526
84.7524 0.00139285 0.0180756
84.9448 0.00138884 0.0179047
85.1372 0.00138485 0.0177338
85.3296 0.0013809 0.0175568
85.522 0.00137698 0.0173859
85.7144 0.00137308 0.017215
85.9068 0.00136921 0.0170441
86.0992 0.00136536 0.0168793
86.2916 0.00136155 0.0167084
86.484 0.00135776 0.0165375
86.6764 0.00135393 0.0163727
86.8688 0.00135019 0.0162079
87.0612 0.00134648 0.016037
87.2536 0.00134273 0.0158722
87.446 0.00133907 0.0157074
87.6384 0.00133537 0.0155426
87.8308 0.00133176 0.0153778
88.0232 0.00132811 0.015213
88.2156 0.00132455 0.0150482
88.408 0.00132095 0.0148895
88.6004 0.00131737 0.0147247
88.7928 0.00131382 0.014566
88.9852 0.00131036 0.0144012
89.1776 0.00130685 0.0142426
89.37 0.00130337 0.0140839
89.5624 0.00129991 0.0139252
89.7548 0.00129647 0.0137604
89.9472 0.00129305 0.0136017
90.1396 0.00128966 0.013443
90.332 0.00128629 0.0132843
90.5244 0.00128294 0.0131317
90.7168 0.00127961 0.012973
90.9092 0.00127631 0.0128143
91.1016 0.00127302 0.0126556
91.294 0.00126969 0.0125031
91.4864 0.00126645 0.0123444
91.6788 0.00126323 0.0121918
91.8712 0.00126003 0.0120331
92.0636 0.00125678 0.0118805
92.256 0.00125362 0.0117218
92.4484 0.00125047 0.0115692
92.6408 0.00124735 0.0114105
92.8332 0.00124418 0.0112579
93.0256 0.0012411 0.0111053
93.218 0.00123796 0.0109528
93.4104 0.00123492 0.0107941
93.6028 0.00123189 0.0106415
93.7952 0.00122881 0.0104889
93.9876 0.00122581 0.0103363
94.18 0.00122284 0.0101776
94.3724 0.00121981 0.010025
94.5648 0.00121687 0.00987244
94.7572 0.00121388 0.00971985
94.9496 0.00121097 0.00956726
95.142 0.00120808 0.00940857
95.3344 0.00120513 0.00925598
95.5268 0.00120227 0.00910339
95.7192 0.00119936 0.00895081
95.9116 0.00119652 0.00879211
96.104 0.00119371 0.00863953
96.2964 0.00119091 0.00848083
96.4888 0.00118805 0.00832825
96.6812 0.00118527 0.00816956
96.8736 0.00118251 0.00801697
97.066 0.00117976 0.00785828
97.2584 0.00117703 0.00769958
97.4508 0.0011743 0.00754089
97.6432 0.00117159 0.0073822
97.8356 0.00116889 0.00722351
98.028 0.00116619 0.00706482
98.2204 0.00116351 0.00690002
98.4128 0.00116084 0.00674133
98.6052 0.00115824 0.00657654
98.7976 0.00115559 0.00641174
98.99 0.00115301 0.00624695
99.1824 0.00115037 0.00608215
99.3748 0.0011478 0.00591125
99.5672 0.00114524 0.00574036
99.7596 0.00114268 0.00556946
99.952 0.00114018 0.00539246
100.144 0.00113763 0.00521545
100.337 0.00113514 0.00503845
100.529 0.00113264 0.00485535
100.722 0.00113015 0.00467224
100.914 0.00112766 0.00448303
101.106 0.00112521 0.00428772
101.299 0.00112276 0.00409241
101.491 0.00112035 0.00389099
101.684 0.00111793 0.00368347
101.876 0.00111554 0.00346375
102.068 0.00111313 0.00324402
102.261 0.00111074 0.00300598
102.453 0.00110837 0.00276184
102.646 0.00110603 0.00249939
102.838 0.00110368 0.00221252
103.03 0.00110135 0.00189514
103.223 0.00109904 0.00152893
103.415 0.00109675 0.00107117
103.608 0.00109445 0.000161743
