7.6 0.0466036 1.68583
7.7924 0.0449277 1.63358
7.9848 0.0433495 1.58411
8.1772 0.0418611 1.5372
8.3696 0.0404557 1.49268
8.562 0.0391268 1.45036
8.7544 0.0378688 1.41009
8.9468 0.0366766 1.37174
9.1392 0.0355454 1.33516
9.3316 0.034471 1.30026
9.524 0.0334494 1.26691
9.7164 0.0324772 1.23502
9.9088 0.031551 1.2045
10.1012 0.0306679 1.17528
10.2936 0.0298251 1.14725
10.486 0.02902 1.12036
10.6784 0.0282505 1.09456
10.8708 0.0275143 1.06976
11.0632 0.0268094 1.04592
11.2556 0.026134 1.02298
11.448 0.0254864 1.00089
11.6404 0.0248651 0.979618
11.8328 0.0242686 0.95911
12.0252 0.0236955 0.939335
12.2176 0.0231445 0.920246
12.41 0.0226145 0.901821
12.6024 0.0221044 0.884018
12.7948 0.0216132 0.866804
12.9872 0.0211398 0.850167
13.1796 0.0206835 0.834065
13.372 0.0202432 0.818478
13.5644 0.0198184 0.803386
13.7568 0.0194082 0.78876
13.9492 0.0190119 0.774588
14.1416 0.0186289 0.760843
14.334 0.0182586 0.747513
14.5264 0.0179003 0.734573
14.7188 0.0175536 0.722012
14.9112 0.0172179 0.709811
15.1036 0.0168928 0.697957
15.296 0.0165778 0.686438
15.4884 0.0162724 0.675233
15.6808 0.0159763 0.664338
15.8732 0.015689 0.653743
16.0656 0.0154102 0.643425
16.258 0.0151396 0.633384
16.4504 0.0148768 0.623606
16.6428 0.0146215 0.614078
16.8352 0.0143734 0.604791
17.0276 0.0141323 0.595747
17.22 0.0138978 0.586922
17.4124 0.0136697 0.578316
17.6048 0.0134477 0.56992
17.7972 0.0132317 0.561736
17.9896 0.0130215 0.553743
18.182 0.0128167 0.545934
18.3744 0.0126172 0.538316
18.5668 0.0124229 0.530873
18.7592 0.0122334 0.523604
18.9516 0.0120488 0.51649
19.144 0.0118687 0.50955
19.3364 0.0116931 0.502757
19.5288 0.0115218 0.496113
19.7212 0.0113546 0.48962
19.9136 0.0111914 0.483265
20.106 0.011032 0.477047
20.2984 0.0108764 0.470966
20.4908 0.0107245 0.465008
20.6832 0.010576 0.459179
20.8756 0.0104309 0.453465
21.068 0.0102892 0.447872
21.2604 0.0101506 0.442394
21.4528 0.010015 0.437023
21.6452 0.0098825 0.431767
21.8376 0.00975287 0.426609
22.03 0.00962604 0.421551
22.2224 0.00950193 0.416592
22.4148 0.00938047 0.411732
22.6072 0.00926157 0.406963
22.7996 0.00914516 0.402294
22.992 0.00903117 0.397702
23.1844 0.00891953 0.393198
23.3768 0.00881017 0.388779
23.5692 0.00870302 0.384445
23.7616 0.00859803 0.380185
23.954 0.00849513 0.376004
24.1464 0.00839426 0.371902
24.3388 0.00829538 0.367868
24.5312 0.00819842 0.363907
24.7236 0.00810334 0.360019
24.916 0.00801008 0.356198
25.1084 0.0079186 0.352438
25.3008 0.00782884 0.348746
25.4932 0.00774077 0.34512
25.6856 0.00765433 0.34155
25.878 0.00756949 0.338046
26.0704 0.00748621 0.334598
26.2628 0.00740445 0.331204
26.4552 0.00732416 0.327872
26.6476 0.00724531 0.324588
26.84 0.00716787 0.321365
27.0324 0.0070918 0.318185
27.2248 0.00701706 0.31506
27.4172 0.00694363 0.31199
27.6096 0.00687147 0.308963
27.802 0.00680055 0.305984
27.9944 0.00673084 0.303055
28.1868 0.00666232 0.300168
28.3792 0.00659495 0.297322
28.5716 0.00652871 0.29453
28.764 0.00646358 0.291774
28.9564 0.00639952 0.289055
29.1488 0.00633651 0.286382
29.3412 0.00627453 0.283745
29.5336 0.00621355 0.281154
29.726 0.00615355 0.2786
29.9184 0.00609452 0.276082
30.1108 0.00603642 0.273601
30.3032 0.00597924 0.271147
30.4956 0.00592296 0.268739
30.688 0.00586756 0.266359
30.8804 0.00581302 0.264015
31.0728 0.00575931 0.261708
31.2652 0.00570643 0.259428
31.4576 0.00565435 0.257185
31.65 0.00560307 0.25497
31.8424 0.00555255 0.252782
32.0348 0.00550279 0.25063
32.2272 0.00545377 0.248506
32.4196 0.00540547 0.24641
32.612 0.00535788 0.244341
32.8044 0.00531099 0.242299
32.9968 0.00526478 0.240294
33.1892 0.00521923 0.238307
33.3816 0.00517434 0.236339
33.574 0.00513009 0.234407
33.7664 0.00508647 0.232503
33.9588 0.00504346 0.230617
34.1512 0.00500105 0.228758
34.3436 0.00495924 0.226918
34.536 0.00491801 0.225105
34.7284 0.00487735 0.223311
34.9208 0.00483724 0.221544
35.1132 0.00479769 0.219804
35.3056 0.00475867 0.218074
35.498 0.00472017 0.216371
35.6904 0.0046822 0.214696
35.8828 0.00464473 0.213029
36.0752 0.00460776 0.211391
36.2676 0.00457128 0.20977
36.46 0.00453527 0.208168
36.6524 0.00449974 0.206593
36.8448 0.00446467 0.205028
37.0372 0.00443006 0.203481
37.2296 0.00439589 0.201961
37.422 0.00436216 0.20045
37.6144 0.00432886 0.198959
37.8068 0.00429598 0.197488
37.9992 0.00426351 0.196036
38.1916 0.00423146 0.194595
38.384 0.0041998 0.193173
38.5764 0.00416854 0.191769
38.7688 0.00413767 0.190378
38.9612 0.00410717 0.189005
39.1536 0.00407705 0.187643
39.346 0.0040473 0.186301
39.5384 0.0040179 0.184976
39.7308 0.00398886 0.183658
39.9232 0.00396018 0.182364
40.1156 0.00393183 0.181076
40.308 0.00390382 0.179807
40.5004 0.00387615 0.178549
40.6928 0.00384879 0.17731
40.8852 0.00382177 0.176077
41.0776 0.00379505 0.174863
41.27 0.00376865 0.17366
41.4624 0.00374255 0.17247
41.6548 0.00371676 0.171292
41.8472 0.00369126 0.170126
42.0396 0.00366605 0.168973
42.232 0.00364113 0.167831
42.4244 0.00361648 0.166702
42.6168 0.00359212 0.165585
42.8092 0.00356803 0.164481
43.0016 0.00354421 0.163388
43.194 0.00352065 0.162308
43.3864 0.00349736 0.161234
43.5788 0.00347432 0.160172
43.7712 0.00345153 0.159122
43.9636 0.003429 0.158084
44.156 0.0034067 0.157059
44.3484 0.00338465 0.156039
44.5408 0.00336284 0.155026
44.7332 0.00334126 0.154031
44.9256 0.00331991 0.153043
45.118 0.00329879 0.152066
45.3104 0.0032779 0.151096
45.5028 0.00325722 0.150137
45.6952 0.00323676 0.149185
45.8876 0.00321652 0.148245
46.08 0.00319648 0.147311
46.2724 0.00317666 0.14639
46.4648 0.00315704 0.145474
46.6572 0.00313762 0.144571
46.8496 0.0031184 0.143674
47.042 0.00309938 0.142783
47.2344 0.00308055 0.141904
47.4268 0.00306191 0.141031
47.6192 0.00304346 0.14017
47.8116 0.00302519 0.139316
48.004 0.00300711 0.138467
48.1964 0.00298921 0.137625
48.3888 0.00297148 0.136795
48.5812 0.00295394 0.135971
48.7736 0.00293656 0.135153
48.966 0.00291935 0.134341
49.1584 0.00290232 0.133542
49.3508 0.00288545 0.132748
49.5432 0.00286874 0.131961
49.7356 0.00285219 0.13118
49.928 0.00283581 0.130405
50.1204 0.00281957 0.129642
50.3128 0.0028035 0.128879
50.5052 0.00278758 0.128128
50.6976 0.00277181 0.127377
50.89 0.00275619 0.126639
51.0824 0.00274071 0.125906
51.2748 0.00272539 0.12518
51.4672 0.0027102 0.12446
51.6596 0.00269515 0.123746
51.852 0.00268025 0.123038
52.0444 0.00266548 0.122336
52.2368 0.00265085 0.12164
52.4292 0.00263635 0.12095
52.6216 0.00262199 0.120267
52.814 0.00260776 0.119583
53.0064 0.00259365 0.118912
53.1988 0.00257968 0.118246
53.3912 0.00256582 0.117581
53.5836 0.0025521 0.116928
53.776 0.00253849 0.116275
53.9684 0.00252501 0.115634
54.1608 0.00251165 0.114993
54.3532 0.0024984 0.114359
54.5456 0.00248528 0.11373
54.738 0.00247226 0.113107
54.9304 0.00245937 0.112485
55.1228 0.00244658 0.111868
55.3152 0.00243391 0.111264
55.5076 0.00242134 0.11066
55.7 0.00240888 0.110062
55.8924 0.00239654 0.109464
56.0848 0.00238429 0.108878
56.2772 0.00237216 0.108292
56.4696 0.00236012 0.107712
56.662 0.00234819 0.107132
56.8544 0.00233636 0.106564
57.0468 0.00232463 0.105997
57.2392 0.002313 0.105435
57.4316 0.00230146 0.104874
57.624 0.00229002 0.104324
57.8164 0.00227868 0.103775
58.0088 0.00226743 0.103226
58.2012 0.00225627 0.102689
58.3936 0.00224521 0.102151
58.586 0.00223424 0.10162
58.7784 0.00222335 0.101089
58.9708 0.00221256 0.100565
59.1632 0.00220186 0.100046
59.3556 0.00219124 0.099527
59.548 0.0021807 0.0990143
59.7404 0.00217026 0.0985077
59.9328 0.00215989 0.0980011
60.1252 0.00214961 0.0975006
60.3176 0.00213941 0.0970062
60.51 0.00212929 0.0965118
60.7024 0.00211925 0.0960236
60.8948 0.00210929 0.0955353
61.0872 0.00209942 0.0950531
61.2796 0.00208961 0.094577
61.472 0.00207989 0.094101
61.6644 0.00207024 0.0936249
61.8568 0.00206066 0.0931549
62.0492 0.00205116 0.092691
62.2416 0.00204174 0.0922333
62.434 0.00203239 0.0917694
62.6264 0.00202311 0.0913177
62.8188 0.0020139 0.0908661
63.0112 0.00200476 0.0904144
63.2036 0.00199568 0.0899689
63.396 0.00198668 0.0895294
63.5884 0.00197775 0.08909
63.7808 0.00196889 0.0886505
63.9732 0.00196009 0.0882172
64.1656 0.00195136 0.0877899
64.358 0.00194269 0.0873627
64.5504 0.00193409 0.0869415
64.7428 0.00192555 0.0865204
64.9352 0.00191708 0.0860992
65.1276 0.00190866 0.0856842
65.32 0.00190032 0.0852692
65.5124 0.00189203 0.0848602
65.7048 0.0018838 0.0844574
65.8972 0.00187563 0.0840546
66.0896 0.00186753 0.0836517
66.282 0.00185948 0.083255
66.4744 0.00185149 0.0828583
66.6668 0.00184356 0.0824615
66.8592 0.00183568 0.0820709
67.0516 0.00182787 0.0816864
67.244 0.0018201 0.0813019
67.4364 0.0018124 0.0809174
67.6288 0.00180475 0.0805389
67.8212 0.00179715 0.0801605
68.0136 0.0017896 0.0797882
68.206 0.00178212 0.0794159
68.3984 0.00177468 0.0790436
68.5908 0.00176729 0.0786774
68.7832 0.00175996 0.0783112
68.9756 0.00175268 0.077951
69.168 0.00174545 0.0775909
69.3604 0.00173827 0.0772308
69.5528 0.00173114 0.0768768
69.7452 0.00172406 0.0765228
69.9376 0.00171703 0.0761688
70.13 0.00171005 0.0758209
70.3224 0.00170311 0.075473
70.5148 0.00169623 0.0751312
70.7072 0.00168938 0.0747894
70.8996 0.00168259 0.0744476
71.092 0.00167584 0.0741119
71.2844 0.00166914 0.0737762
71.4768 0.00166248 0.0734406
71.6692 0.00165587 0.073111
71.8616 0.0016493 0.0727814
72.054 0.00164278 0.0724579
72.2464 0.0016363 0.0721283
72.4388 0.00162986 0.0718109
72.6312 0.00162347 0.0714874
72.8236 0.00161712 0.07117
73.016 0.00161081 0.0708527
73.2084 0.00160454 0.0705353
73.4008 0.00159832 0.070224
73.5932 0.00159213 0.0699127
73.7856 0.00158599 0.0696014
73.978 0.00157988 0.0692963
74.1704 0.00157382 0.0689911
74.3628 0.00156779 0.0686859
74.5552 0.0015618 0.0683868
74.7476 0.00155586 0.0680878
74.94 0.00154995 0.0677887
75.1324 0.00154408 0.0674896
75.3248 0.00153825 0.0671967
75.5172 0.00153245 0.0669037
75.7096 0.00152669 0.0666107
75.902 0.00152096 0.0663239
76.0944 0.00151528 0.066037
76.2868 0.00150963 0.0657501
76.4792 0.00150402 0.0654633
76.6716 0.00149844 0.0651825
76.864 0.0014929 0.0649017
77.0564 0.00148738 0.0646271
77.2488 0.00148191 0.0643463
77.4412 0.00147647 0.0640717
77.6336 0.00147107 0.063797
77.826 0.0014657 0.0635223
78.0184 0.00146036 0.0632538
78.2108 0.00145505 0.0629852
78.4032 0.00144978 0.0627167
78.5956 0.00144454 0.0624481
78.788 0.00143933 0.0621857
78.9804 0.00143415 0.0619232
79.1728 0.00142901 0.0616608
79.3652 0.0014239 0.0613983
79.5576 0.00141881 0.061142
79.75 0.00141376 0.0608856
79.9424 0.00140874 0.0606293
80.1348 0.00140375 0.0603729
80.3272 0.00139879 0.0601227
80.5196 0.00139386 0.0598724
80.712 0.00138896 0.0596222
80.9044 0.00138409 0.0593719
81.0968 0.00137925 0.0591278
81.2892 0.00137443 0.0588776
81.4816 0.00136965 0.0586334
81.674 0.00136489 0.0583954
81.8664 0.00136017 0.0581512
82.0588 0.00135546 0.0579132
82.2512 0.00135079 0.0576691
82.4436 0.00134615 0.057431
82.636 0.00134153 0.0571991
82.8284 0.00133694 0.0569611
83.0208 0.00133237 0.0567291
83.2132 0.00132783 0.0564972
83.4056 0.00132332 0.0562653
83.598 0.00131884 0.0560333
83.7904 0.00131438 0.0558075
83.9828 0.00130995 0.0555817
84.1752 0.00130554 0.0553558
84.3676 0.00130116 0.05513
84.56 0.00129681 0.0549042
84.7524 0.00129247 0.0546844
84.9448 0.00128816 0.0544586
85.1372 0.00128388 0.0542389
85.3296 0.00127962 0.0540192
85.522 0.00127539 0.0538055
85.7144 0.00127118 0.0535858
85.9068 0.00126699 0.0533722
86.0992 0.00126283 0.0531586
86.2916 0.00125869 0.0529449
86.484 0.00125458 0.0527313
86.6764 0.00125048 0.0525238
86.8688 0.00124641 0.0523102
87.0612 0.00124236 0.0521027
87.2536 0.00123834 0.0518951
87.446 0.00123434 0.0516876
87.6384 0.00123036 0.0514862
87.8308 0.00122641 0.0512787
88.0232 0.00122246 0.0510773
88.2156 0.00121855 0.0508759
88.408 0.00121465 0.0506744
88.6004 0.00121079 0.050473
88.7928 0.00120694 0.0502716
88.9852 0.0012031 0.0500763
89.1776 0.00119929 0.049881
89.37 0.00119552 0.0496796
89.5624 0.00119175 0.0494843
89.7548 0.00118799 0.049295
89.9472 0.00118427 0.0490997
90.1396 0.00118056 0.0489105
90.332 0.00117688 0.0487152
90.5244 0.00117321 0.048526
90.7168 0.00116957 0.0483368
90.9092 0.00116594 0.0481476
91.1016 0.00116232 0.0479645
91.294 0.00115874 0.0477753
91.4864 0.00115517 0.0475922
91.6788 0.00115162 0.047403
91.8712 0.00114809 0.0472198
92.0636 0.00114457 0.0470367
92.256 0.00114108 0.0468597
92.4484 0.00113761 0.0466766
92.6408 0.00113414 0.0464996
92.8332 0.0011307 0.0463165
93.0256 0.00112729 0.0461395
93.218 0.00112388 0.0459625
93.4104 0.0011205 0.0457855
93.6028 0.00111712 0.0456085
93.7952 0.00111377 0.0454376
93.9876 0.00111045 0.0452606
94.18 0.00110713 0.0450897
94.3724 0.00110383 0.0449188
94.5648 0.00110054 0.0447479
94.7572 0.00109728 0.044577
94.9496 0.00109403 0.0444061
95.142 0.0010908 0.0442352
95.3344 0.00108758 0.0440704
95.5268 0.00108438 0.0438995
95.7192 0.0010812 0.0437347
95.9116 0.00107803 0.0435699
96.104 0.00107489 0.0434052
96.2964 0.00107175 0.0432404
96.4888 0.00106863 0.0430756
96.6812 0.00106553 0.0429169
96.8736 0.00106244 0.0427521
97.066 0.00105936 0.0425934
97.2584 0.0010563 0.0424347
97.4508 0.00105328 0.0422699
97.6432 0.00105024 0.0421173
97.8356 0.00104723 0.0419586
98.028 0.00104423 0.0417999
98.2204 0.00104126 0.0416412
98.4128 0.00103829 0.0414886
98.6052 0.00103535 0.04133
98.7976 0.0010324 0.0411774
98.99 0.00102948 0.0410248
99.1824 0.00102657 0.0408722
99.3748 0.00102368 0.0407196
99.5672 0.0010208 0.040567
99.7596 0.00101794 0.0404144
99.952 0.00101509 0.0402679
100.144 0.00101225 0.0401154
100.337 0.00100942 0.0399689
100.529 0.00100661 0.0398224
100.722 0.00100381 0.0396759
100.914 0.00100103 0.0395294
101.106 0.00099826 0.0393829
101.299 0.000995505 0.0392365
101.491 0.000992765 0.03909
101.684 0.000990039 0.0389496
101.876 0.000987327 0.0388031
102.068 0.000984613 0.0386627
102.261 0.000981929 0.0385223
102.453 0.000979258 0.0383759
102.646 0.000976585 0.0382355
102.838 0.000973941 0.0380951
103.03 0.000971295 0.0379547
103.223 0.000968663 0.0378204
103.415 0.000966059 0.0376801
103.608 0.000963452 0.0375458
103.8 0.000960859 0.0374054
103.992 0.000958279 0.0372711
104.185 0.000955727 0.0371307
104.377 0.000953173 0.0369965
104.57 0.000950631 0.0368622
104.762 0.000948102 0.0367279
104.954 0.000945585 0.0365936
105.147 0.000943065 0.0364655
105.339 0.000940574 0.0363312
105.532 0.000938094 0.0361969
105.724 0.000935627 0.0360687
105.916 0.000933156 0.0359406
106.109 0.000930714 0.0358063
106.301 0.000928283 0.0356781
106.494 0.000925848 0.0355499
106.686 0.000923442 0.0354218
106.878 0.00092103 0.0352936
107.071 0.000918647 0.0351654
107.263 0.000916259 0.0350372
107.456 0.000913883 0.0349152
107.648 0.000911535 0.034787
107.84 0.000909182 0.0346649
108.033 0.00090684 0.0345367
108.225 0.000904509 0.0344147
108.418 0.00090219 0.0342926
108.61 0.000899882 0.0341705
108.802 0.000897602 0.0340424
108.995 0.000895299 0.0339264
109.187 0.000893024 0.0338043
109.38 0.00089076 0.0336823
109.572 0.000888507 0.0335602
109.764 0.000886265 0.0334381
109.957 0.000884034 0.0333221
110.149 0.000881813 0.0332001
110.342 0.000879585 0.0330841
110.534 0.000877386 0.0329681
110.726 0.000875179 0.0328522
110.919 0.000873001 0.0327301
111.111 0.000870833 0.0326141
111.304 0.000868657 0.0324982
111.496 0.00086651 0.0323822
111.688 0.000864355 0.0322723
111.881 0.000862209 0.0321564
112.073 0.000860093 0.0320404
112.266 0.000857968 0.0319305
112.458 0.000855852 0.0318146
112.65 0.000853747 0.0317047
112.843 0.000851671 0.0315887
113.035 0.000849585 0.0314789
113.228 0.000847509 0.031369
113.42 0.000845443 0.0312531
113.612 0.000843387 0.0311432
113.805 0.00084134 0.0310333
113.997 0.000839303 0.0309235
114.19 0.000837275 0.0308197
114.382 0.000835256 0.0307098
114.574 0.000833247 0.0306
114.767 0.000831248 0.0304901
114.959 0.000829238 0.0303864
115.152 0.000827257 0.0302765
115.344 0.000825285 0.0301727
115.536 0.000823302 0.030069
115.729 0.000821349 0.0299591
115.921 0.000819404 0.0298553
116.114 0.000817449 0.0297516
116.306 0.000815522 0.0296478
116.498 0.000813584 0.0295441
116.691 0.000811675 0.0294403
116.883 0.000809755 0.0293365
117.076 0.000807864 0.0292328
117.268 0.000805961 0.029129
117.46 0.000804066 0.0290314
117.653 0.000802201 0.0289276
117.845 0.000800324 0.0288239
118.038 0.000798455 0.0287262
118.23 0.000796595 0.0286285
118.422 0.000794764 0.0285248
118.615 0.000792921 0.0284271
118.807 0.000791085 0.0283295
119 0.000789258 0.0282257
119.192 0.00078744 0.0281281
119.384 0.000785629 0.0280304
119.577 0.000783827 0.0279327
119.769 0.000782032 0.0278351
119.962 0.000780246 0.0277374
120.154 0.000778468 0.0276459
120.346 0.000776698 0.0275482
120.539 0.000774935 0.0274506
120.731 0.000773159 0.027359
120.924 0.000771412 0.0272614
121.116 0.000769674 0.0271698
121.308 0.000767943 0.0270721
121.501 0.000766198 0.0269806
121.693 0.000764482 0.0268829
121.886 0.000762774 0.0267914
122.078 0.000761052 0.0266998
122.27 0.000759359 0.0266083
122.463 0.000757652 0.0265167
122.655 0.000755974 0.0264252
122.848 0.000754282 0.0263336
123.04 0.000752619 0.0262421
123.232 0.000750941 0.0261505
123.425 0.000749293 0.026059
123.617 0.00074763 0.0259674
123.81 0.000745997 0.0258759
124.002 0.000744348 0.0257904
124.194 0.000742706 0.0256989
124.387 0.000741071 0.0256134
124.579 0.000739467 0.0255219
124.772 0.000737847 0.0254364
124.964 0.000736233 0.0253448
125.156 0.000734627 0.0252594
125.349 0.000733027 0.025174
125.541 0.000731458 0.0250824
125.734 0.000729873 0.0249969
125.926 0.000728294 0.0249115
126.118 0.000726722 0.024826
126.311 0.000725157 0.0247406
126.503 0.000723598 0.0246552
126.696 0.000722047 0.0245697
126.888 0.000720502 0.0244843
127.08 0.000718963 0.0243988
127.273 0.000717407 0.0243195
127.465 0.000715882 0.024234
127.658 0.000714363 0.0241486
127.85 0.000712851 0.0240692
128.042 0.000711346 0.0239838
128.235 0.000709822 0.0239044
128.427 0.000708329 0.023819
128.62 0.000706843 0.0237396
128.812 0.000705363 0.0236542
129.004 0.000703865 0.0235748
129.197 0.000702398 0.0234955
129.389 0.000700937 0.02341
129.582 0.000699457 0.0233307
129.774 0.000698009 0.0232513
129.966 0.000696541 0.023172
130.159 0.000695106 0.0230927
130.351 0.00069365 0.0230133
130.544 0.000692227 0.022934
130.736 0.000690784 0.0228546
130.928 0.000689372 0.0227753
131.121 0.000687941 0.0226959
131.313 0.000686542 0.0226166
131.506 0.000685122 0.0225433
131.698 0.000683709 0.022464
131.89 0.000682328 0.0223846
132.083 0.000680926 0.0223114
132.275 0.00067953 0.0222321
132.468 0.000678139 0.0221588
132.66 0.000676782 0.0220795
132.852 0.000675403 0.0220062
133.045 0.00067403 0.0219269
133.237 0.000672663 0.0218536
133.43 0.000671301 0.0217804
133.622 0.000669972 0.021701
133.814 0.000668622 0.0216278
134.007 0.000667277 0.0215546
134.199 0.000665938 0.0214813
134.392 0.000664604 0.0214081
134.584 0.000663276 0.0213348
134.776 0.000661953 0.0212616
134.969 0.000660636 0.0211884
135.161 0.000659324 0.0211151
135.354 0.000658017 0.0210419
135.546 0.000656716 0.0209686
135.738 0.000655421 0.0208954
135.931 0.000654131 0.0208221
136.123 0.000652817 0.020755
136.316 0.000651538 0.0206818
136.508 0.000650263 0.0206085
136.7 0.000648994 0.0205414
136.893 0.00064773 0.0204681
137.085 0.000646443 0.020401
137.278 0.000645189 0.0203278
137.47 0.000643941 0.0202606
137.662 0.000642698 0.0201874
137.855 0.000641431 0.0201202
138.047 0.000640198 0.020047
138.24 0.00063897 0.0199799
138.432 0.000637718 0.0199127
138.624 0.0006365 0.0198456
138.817 0.000635287 0.0197723
139.009 0.00063405 0.0197052
139.202 0.000632847 0.0196381
139.394 0.00063162 0.0195709
139.586 0.000630427 0.0195038
139.779 0.000629209 0.0194366
139.971 0.000628026 0.0193695
140.164 0.000626818 0.0193024
140.356 0.000625644 0.0192352
140.548 0.000624446 0.0191681
140.741 0.000623282 0.019101
140.933 0.000622093 0.0190399
141.126 0.000620908 0.0189728
141.318 0.000619758 0.0189056
141.51 0.000618583 0.0188385
141.703 0.000617413 0.0187775
141.895 0.000616277 0.0187103
142.088 0.000615116 0.0186432
142.28 0.000613959 0.0185822
142.472 0.000612838 0.018515
142.665 0.00061169 0.018454
142.857 0.000610547 0.0183868
143.05 0.000609408 0.0183258
143.242 0.000608305 0.0182587
143.434 0.000607175 0.0181976
143.627 0.00060605 0.0181366
143.819 0.000604929 0.0180695
144.012 0.000603812 0.0180084
144.204 0.0006027 0.0179474
144.396 0.000601592 0.0178864
144.589 0.00060052 0.0178192
144.781 0.000599421 0.0177582
144.974 0.000598327 0.0176971
145.166 0.000597236 0.0176361
145.358 0.00059615 0.0175751
145.551 0.000595068 0.017514
145.743 0.00059399 0.017453
145.936 0.000592917 0.017392
146.128 0.000591848 0.0173309
146.32 0.000590783 0.0172699
146.513 0.000589722 0.0172089
146.705 0.000588632 0.0171539
146.898 0.00058758 0.0170929
147.09 0.000586531 0.0170319
147.282 0.000585487 0.0169708
147.475 0.000584447 0.0169098
147.667 0.00058341 0.0168549
147.86 0.000582378 0.0167938
148.052 0.00058135 0.0167328
148.244 0.000580293 0.0166779
148.437 0.000579273 0.0166168
148.629 0.000578257 0.0165619
148.822 0.000577245 0.0165009
149.014 0.000576203 0.0164459
149.206 0.000575199 0.0163849
149.399 0.000574199 0.01633
149.591 0.000573202 0.0162689
149.784 0.000572176 0.016214
149.976 0.000571188 0.0161591
150.168 0.000570203 0.016098
150.361 0.000569188 0.0160431
150.553 0.000568211 0.0159882
150.746 0.000567204 0.0159332
150.938 0.000566235 0.0158722
151.13 0.000565269 0.0158173
151.323 0.000564273 0.0157623
151.515 0.000563315 0.0157074
151.708 0.000562326 0.0156525
151.9 0.000561376 0.0155975
152.092 0.000560394 0.0155426
152.285 0.000559451 0.0154877
152.477 0.000558477 0.0154327
152.67 0.000557541 0.0153778
152.862 0.000556574 0.0153229
153.054 0.000555646 0.0152679
153.247 0.000554686 0.015213
153.439 0.000553764 0.0151581
153.632 0.000552812 0.0151031
153.824 0.000551898 0.0150482
154.016 0.000550952 0.0149994
154.209 0.000550009 0.0149445
154.401 0.000549106 0.0148895
154.594 0.000548171 0.0148346
154.786 0.000547239 0.0147858
154.978 0.000546346 0.0147308
155.171 0.000545421 0.0146759
155.363 0.0005445 0.0146271
155.556 0.000543617 0.0145721
155.748 0.000542703 0.0145172
155.94 0.000541791 0.0144684
156.133 0.000540919 0.0144135
156.325 0.000540014 0.0143646
156.518 0.000539113 0.0143097
156.71 0.000538215 0.0142609
156.902 0.00053732 0.014212
157.095 0.000536465 0.0141571
157.287 0.000535577 0.0141083
157.48 0.000534692 0.0140533
157.672 0.00053381 0.0140045
157.864 0.000532931 0.0139557
158.057 0.000532094 0.0139008
158.249 0.000531221 0.0138519
158.442 0.000530353 0.0138031
158.634 0.000529487 0.0137543
158.826 0.000528625 0.0136993
159.019 0.000527765 0.0136505
159.211 0.000526909 0.0136017
159.404 0.000526056 0.0135529
159.596 0.000525206 0.013504
159.788 0.000524359 0.0134552
159.981 0.000523516 0.0134064
160.173 0.000522675 0.0133575
160.366 0.000521838 0.0133087
160.558 0.000521004 0.0132599
160.75 0.000520172 0.0132111
160.943 0.000519344 0.0131622
161.135 0.000518519 0.0131134
161.328 0.000517697 0.0130646
161.52 0.000516878 0.0130157
161.712 0.000516061 0.0129669
161.905 0.000515248 0.0129181
162.097 0.000514438 0.0128693
162.29 0.000513631 0.0128204
162.482 0.000512827 0.0127777
162.674 0.000512026 0.0127289
162.867 0.000511228 0.0126801
163.059 0.000510432 0.0126312
163.252 0.000509601 0.0125885
163.444 0.000508811 0.0125397
163.636 0.000508025 0.0124908
163.829 0.000507241 0.0124481
164.021 0.00050646 0.0123993
164.214 0.000505682 0.0123505
164.406 0.000504867 0.0123077
164.598 0.000504095 0.0122589
164.791 0.000503326 0.0122162
164.983 0.000502559 0.0121674
165.176 0.000501755 0.0121246
165.368 0.000500994 0.0120758
165.56 0.000500236 0.0120331
165.753 0.000499481 0.0119843
165.945 0.000498688 0.0119415
166.138 0.000497938 0.0118927
166.33 0.000497191 0.01185
166.522 0.000496406 0.0118073
166.715 0.000495665 0.0117584
166.907 0.000494926 0.0117157
167.1 0.00049419 0.0116669
167.292 0.000493416 0.0116241
167.484 0.000492685 0.0115814
167.677 0.000491916 0.0115387
167.869 0.000491191 0.0114899
168.062 0.000490468 0.0114471
168.254 0.000489707 0.0114044
168.446 0.000488989 0.0113617
168.639 0.000488275 0.0113129
168.831 0.000487521 0.0112701
169.024 0.000486812 0.0112274
169.216 0.000486063 0.0111847
169.408 0.000485359 0.011142
169.601 0.000484615 0.0110992
169.793 0.000483916 0.0110565
169.986 0.000483178 0.0110138
170.178 0.000482484 0.010965
170.37 0.000481793 0.0109222
170.563 0.000481062 0.0108795
170.755 0.000480375 0.0108368
170.948 0.000479649 0.0107941
171.14 0.000478968 0.0107513
171.332 0.000478247 0.0107086
171.525 0.000477528 0.010672
171.717 0.000476854 0.0106293
171.91 0.000476141 0.0105865
172.102 0.000475472 0.0105438
172.294 0.000474763 0.0105011
172.487 0.000474099 0.0104584
172.679 0.000473394 0.0104156
172.872 0.000472735 0.0103729
173.064 0.000472036 0.0103363
173.256 0.000471339 0.0102936
173.449 0.000470687 0.0102509
173.641 0.000469994 0.0102081
173.834 0.000469347 0.0101654
174.026 0.000468659 0.0101288
174.218 0.000467974 0.0100861
174.411 0.000467334 0.0100433
174.603 0.000466653 0.0100067
174.796 0.000465974 0.00996399
174.988 0.000465342 0.00992126
175.18 0.000464667 0.00988464
175.373 0.000463995 0.00984192
175.565 0.00046337 0.00979919
175.758 0.000462702 0.00976257
175.95 0.000462037 0.00971985
176.142 0.000461374 0.00968323
176.335 0.000460757 0.0096405
176.527 0.000460099 0.00960388
176.72 0.000459442 0.00956116
176.912 0.000458832 0.00951843
177.104 0.000458181 0.00948181
177.297 0.000457531 0.00943909
177.489 0.000456883 0.00940247
177.682 0.000456238 0.00936584
177.874 0.000455639 0.00932312
178.066 0.000454998 0.0092865
178.259 0.000454359 0.00924377
178.451 0.000453722 0.00920715
178.644 0.000453132 0.00916443
178.836 0.000452499 0.00912781
179.028 0.000451869 0.00909119
179.221 0.00045124 0.00904846
179.413 0.000450614 0.00901184
179.606 0.000449989 0.00897522
179.798 0.000449412 0.0089325
179.99 0.000448792 0.00889587
180.183 0.000448174 0.00885925
180.375 0.000447558 0.00881653
180.568 0.000446944 0.00877991
180.76 0.000446332 0.00874329
180.952 0.000445722 0.00870667
181.145 0.00044516 0.00866394
181.337 0.000444554 0.00862732
181.53 0.00044395 0.0085907
181.722 0.000443348 0.00855408
181.914 0.000442748 0.00851746
182.107 0.00044215 0.00847473
182.299 0.000441554 0.00843811
182.492 0.00044096 0.00840149
182.684 0.000440368 0.00836487
182.876 0.000439778 0.00832825
183.069 0.00043919 0.00829163
183.261 0.000438604 0.008255
183.454 0.00043802 0.00821838
183.646 0.000437483 0.00817566
183.838 0.000436903 0.00813904
184.031 0.000436325 0.00810242
184.223 0.000435748 0.0080658
184.416 0.000435173 0.00802917
184.608 0.000434601 0.00799255
184.8 0.00043403 0.00795593
184.993 0.000433461 0.00791931
185.185 0.000432893 0.00788269
185.378 0.000432328 0.00784607
185.57 0.000431764 0.00780945
185.762 0.000431203 0.00777283
185.955 0.000430643 0.00773621
186.147 0.000430085 0.00769958
186.34 0.000429529 0.00766296
186.532 0.000428928 0.00763245
186.724 0.000428375 0.00759583
186.917 0.000427824 0.0075592
187.109 0.000427275 0.00752258
187.302 0.000426728 0.00748596
187.494 0.000426183 0.00744934
187.686 0.000425639 0.00741272
187.879 0.000425097 0.0073761
188.071 0.000424557 0.00733948
188.264 0.000424019 0.00730896
188.456 0.000423482 0.00727234
188.648 0.000422947 0.00723572
188.841 0.000422414 0.0071991
189.033 0.000421882 0.00716248
189.226 0.000421306 0.00713196
189.418 0.000420777 0.00709534
189.61 0.000420251 0.00705872
189.803 0.000419726 0.00702209
189.995 0.000419203 0.00699158
190.188 0.000418682 0.00695496
190.38 0.000418162 0.00691833
190.572 0.000417644 0.00688171
190.765 0.000417081 0.0068512
190.957 0.000416566 0.00681458
191.15 0.000416053 0.00677795
191.342 0.000415542 0.00674133
191.534 0.000415032 0.00671082
191.727 0.000414524 0.00667419
191.919 0.000414017 0.00663757
192.112 0.000413465 0.00660706
192.304 0.000412961 0.00657043
192.496 0.000412459 0.00653381
192.689 0.000411959 0.0065033
192.881 0.000411461 0.00646667
193.074 0.000410964 0.00643005
193.266 0.00041042 0.00639954
193.458 0.000409926 0.00636292
193.651 0.000409434 0.0063324
193.843 0.000408943 0.00629578
194.036 0.000408454 0.00625916
194.228 0.000407918 0.00622864
194.42 0.000407432 0.00619202
194.613 0.000406947 0.0061615
194.805 0.000406464 0.00612488
194.998 0.000405934 0.00609436
195.19 0.000405454 0.00605774
195.382 0.000404975 0.00602112
195.575 0.000404498 0.0059906
195.767 0.000404022 0.00595398
195.96 0.0004035 0.00592346
196.152 0.000403027 0.00588684
196.344 0.000402555 0.00585632
196.537 0.000402085 0.0058197
196.729 0.000401569 0.00578918
196.922 0.000401102 0.00575256
197.114 0.000400636 0.00572205
197.306 0.000400171 0.00568542
197.499 0.00039966 0.00565491
197.691 0.000399199 0.00561829
197.884 0.000398738 0.00558777
198.076 0.00039828 0.00555115
198.268 0.000397774 0.00552063
198.461 0.000397318 0.00548401
198.653 0.000396863 0.00545349
198.846 0.00039641 0.00541687
199.038 0.00039591 0.00538635
199.23 0.000395459 0.00534973
199.423 0.00039501 0.00531921
199.615 0.000394561 0.00528259
199.808 0.000394067 0.00525208
200 0.000393621 0.00521545
